2.899744849119771635e-06
1.453404026343204682e-03
1.543277686486536036e-03
1.768632253725821836e-03
1.334857772645470448e-03
1.423269658269713271e-03
1.610228821041898321e-03
1.664444970339974119e-03
1.751496062883696686e-03
1.984166203139381933e-03
1.725327179883606732e-03
1.958612323758149396e-03
1.934525091327239698e-03
1.861664057255728007e-03
1.779280946605315238e-03
2.006827519693552605e-03
2.272527255511551901e-03
2.334765918510649848e-03
2.136087360862687010e-03
2.445467392887248556e-03
2.082975107089365951e-03
2.160464928921506083e-03
2.430186501379135670e-03
2.313398164610353056e-03
2.479660874696965316e-03
2.883791502442673970e-03
2.333585046624312050e-03
2.604774161027623332e-03
2.661442196536576918e-03
3.155319814430112505e-03
2.818891018240209708e-03
2.855856541307499191e-03
3.000867512606429470e-03
2.905161974969835623e-03
3.264017402621072032e-03
3.307920028487518985e-03
3.311700232309656641e-03
3.356335523534590467e-03
3.490905570446021025e-03
3.684133938552389045e-03
3.878300437032532015e-03
3.868593604369842832e-03
3.928490893375612830e-03
3.914147389331304808e-03
3.948317196625930614e-03
3.995737581913537395e-03
3.950631379040840836e-03
4.562998898098557729e-03
4.173712882888234305e-03
4.373967017362033992e-03
4.297073275076946676e-03
4.547483383727022981e-03
4.536557300662287691e-03
4.482197738202110815e-03
4.831312410247436649e-03
4.477797562375562292e-03
5.090586888589398486e-03
5.296409529895585930e-03
5.265696018769720418e-03
5.337767140563668550e-03
4.990501411903832708e-03
5.590914043472040851e-03
5.232534037000901098e-03
5.686595751900586949e-03
5.475191738691337177e-03
5.209767915082374155e-03
5.175981380505018624e-03
5.323070487780684826e-03
5.991279501563834264e-03
5.428789557809699309e-03
5.464739973705283645e-03
5.700804488513028928e-03
5.932209009945263282e-03
5.931357557029393046e-03
5.948297782170900924e-03
6.046326589110142917e-03
5.959638003616545172e-03
6.166173998859302181e-03
6.388006800379553325e-03
6.297704055587386579e-03
6.630186102767892005e-03
6.750175567766762176e-03
6.788516224984744024e-03
6.671512709907659669e-03
6.450594163458051380e-03
6.768609414693383015e-03
6.581277346581346915e-03
6.760113128925932316e-03
