5.200563337315212281e-03
5.377634153278036157e-03
5.268789510327306740e-03
5.229740340093319909e-03
5.164113054475324115e-03
5.547076463699340820e-03
5.062935090708461754e-03
5.391851575537161788e-03
5.751843035051768319e-03
5.648781439628113715e-03
5.795468682084570916e-03
6.258536225438795543e-03
6.126250161535360360e-03
5.877194582188332780e-03
5.564696668774227889e-03
4.512270997193726547e-03
4.320158432661132773e-03
4.935053791004148475e-03
5.513187265023589134e-03
5.460036960853772124e-03
5.675618198107589690e-03
5.940570591271601177e-03
6.684007472358644009e-03
6.856782663486559598e-03
6.046988165260038829e-03
4.920944730243222674e-03
4.172535842041146664e-03
4.290798467329957032e-03
4.185097630728374513e-03
4.176947224715893761e-03
4.201000238853422157e-03
5.330901254307140319e-03
5.620977100492877999e-03
5.495686443861235587e-03
5.599065673198889287e-03
6.368042879991910911e-03
7.341049431653862492e-03
6.487926015820862612e-03
5.275288592780601887e-03
3.490066655124544458e-03
3.428599615951745828e-03
2.745709281457080122e-03
3.807438664476979744e-03
3.986995328556407897e-03
3.816052530468864914e-03
3.788469676775011070e-03
3.824690441516312607e-03
5.231142446229403511e-03
5.317005836828188857e-03
5.033742848106406188e-03
5.344354071315716298e-03
5.898621536537327313e-03
7.309523125348443492e-03
8.666623447259718879e-03
7.793986897344108017e-03
4.361857787113298385e-03
3.109760004339147139e-03
3.054149586453356723e-03
3.366648198359391709e-03
3.429065945304253082e-03
3.492982253770936501e-03
3.672921733761375443e-03
3.614770671860738274e-03
3.587393682788718712e-03
3.888444848019968498e-03
5.228924416852268227e-03
4.738040077923374137e-03
4.474210679869760482e-03
4.614024677059866929e-03
4.724625307558612784e-03
7.477917036422612913e-03
1.062603004505614443e-02
1.247686916295523592e-02
5.230195783290334487e-03
4.100535709188658090e-03
2.803787361534143194e-03
2.977038765410808079e-03
3.460519470867108333e-03
3.580449487675320137e-03
3.467508221299133320e-03
3.009453585202043549e-03
3.221507438204505424e-03
3.140245691280473244e-03
3.446000247177752503e-03
3.424479435621337418e-03
4.478240681981498703e-03
4.907550247894091645e-03
4.532081075012683868e-03
3.698038148947737237e-03
3.750628908164799213e-03
5.115997035649012120e-03
9.001242457254027621e-03
1.090988325053000516e-02
1.129144998082086751e-02
6.370412020425481395e-03
4.765668398414907650e-03
3.941837118790400378e-03
3.398041314953430172e-03
3.360182819464667316e-03
3.886721266264265076e-03
4.337770377539775825e-03
4.311036318540573120e-03
2.608380280435085297e-03
2.388290764594619767e-03
2.088040494444695465e-03
1.859231428666548256e-03
2.721028571779077546e-03
4.248762926594777146e-03
4.554867617447267564e-03
4.407917361029170013e-03
3.599393901161172370e-03
3.849022037518972858e-03
6.174812834201888999e-03
8.693948964884673850e-03
9.152377217436547668e-03
8.227155248856764941e-03
6.213929420813325138e-03
5.452727092646950970e-03
4.789962644942782378e-03
4.248212663118134530e-03
4.094460820355875531e-03
4.749855037185956447e-03
4.721183985979719201e-03
3.864241742782971879e-03
2.342869929799979226e-03
1.931026133454658749e-03
1.595391383902593132e-03
1.353632637553594349e-03
2.215638227591460244e-03
3.520004938102581481e-03
3.747849577021869667e-03
4.224221306768330582e-03
4.372483881359750732e-03
4.649190613153306000e-03
7.503387168981134892e-03
8.900872897356748581e-03
8.292799482164396954e-03
6.247433671061034151e-03
5.305471725560809322e-03
4.791985358720426101e-03
4.752438499549912175e-03
4.476401753808287136e-03
4.257200095294551810e-03
4.339818546379154221e-03
4.337560893459753951e-03
3.559453793886033050e-03
2.265995918688448914e-03
1.899857243353670353e-03
1.518427436663345818e-03
1.330902059139175888e-03
1.983514881100166809e-03
2.569010565904053696e-03
3.380115334452553268e-03
3.910869402302937468e-03
4.784663250161843261e-03
5.829837945797903577e-03
7.732800260948186413e-03
8.612370711158622710e-03
7.310909060338003675e-03
4.881952386561103606e-03
4.756128959177824064e-03
4.326482856082624479e-03
4.862962708681483476e-03
5.332710083828053928e-03
4.951985933902588836e-03
4.583662640388039104e-03
4.188947252590547593e-03
3.047757930206981651e-03
2.093437995592301384e-03
1.808184622363610741e-03
1.363600202074105030e-03
1.289231385189023964e-03
1.452811506830833195e-03
1.641732047904621372e-03
2.745260717347264290e-03
3.994648958641019813e-03
4.906166450713168176e-03
5.960102330639280820e-03
7.006821360185064816e-03
7.130285836121236578e-03
6.061169715725223811e-03
5.563088367290964023e-03
4.631651079927740292e-03
4.876540225351081066e-03
5.764977866254577740e-03
6.161537121939049920e-03
5.417091369798237785e-03
4.631112625991756424e-03
3.499179634011604766e-03
2.322745488279244919e-03
2.224748636680570595e-03
1.556321661072698585e-03
1.288818491792136913e-03
1.242815241725607391e-03
1.296958759088407765e-03
1.207328634336590767e-03
1.350493593649430748e-03
1.756796994331208221e-03
2.678387121043422203e-03
5.452476060864600189e-03
5.645628902129828930e-03
5.289119657721708806e-03
5.844325134107334653e-03
6.062465730461884944e-03
5.776628616414117463e-03
4.403359261314934887e-03
5.247675407603805998e-03
5.506608825684948007e-03
5.536426245023242688e-03
5.131276197392831834e-03
3.865440577183934696e-03
2.099917524240233879e-03
1.950301420451565262e-03
2.385347213765437110e-03
1.127337825230576756e-03
1.196385509419170372e-03
1.150842967697165249e-03
1.459140880880030640e-03
1.436582406644116650e-03
1.976420150392434617e-03
3.342227015474980370e-03
4.451906096867539429e-03
5.866954134861854069e-03
5.631217648359862320e-03
4.543951797214421280e-03
4.589760871815748954e-03
3.904817025283012760e-03
4.196402241094884626e-03
4.544974126640061521e-03
4.240244968307458305e-03
3.534326271619647741e-03
3.691973154094408977e-03
2.646594900976527703e-03
1.840044320984320168e-03
1.795642882246862660e-03
2.499603052538904198e-03
1.307217859324406395e-03
1.277314985848285915e-03
1.662899422543970100e-03
2.026925583116033058e-03
2.516120502894575103e-03
3.838817493736066799e-03
4.619921959767287270e-03
4.966629764319143749e-03
5.575592290948738067e-03
4.905799065123905150e-03
4.562100427309897892e-03
4.299902198412878553e-03
3.883202233489348610e-03
2.944130799857124208e-03
2.862331613538447988e-03
2.307378602298823349e-03
2.167277726006101597e-03
2.116668006320568569e-03
2.131652743132277008e-03
1.708830897272987839e-03
2.570586003871126648e-03
1.553118514659052605e-03
2.558468153107572567e-03
2.610650410960343830e-03
3.080038808878849971e-03
3.781143057329411014e-03
4.729631875472312466e-03
4.990485263988375664e-03
5.208623405037956199e-03
4.615460554222491733e-03
4.232778663704680165e-03
3.770942058922214981e-03
2.820321932879530768e-03
2.051340911252323620e-03
2.066241463498127810e-03
1.932129248003052000e-03
1.985445258800279129e-03
2.570519393140619294e-03
3.143466151827438351e-03
2.448583445088429924e-03
2.914311247877776623e-03
2.209358562884683116e-03
2.709865601817992679e-03
2.876460594548420433e-03
2.772863530977205757e-03
3.480624545111575107e-03
4.441823238845576255e-03
4.516254613091322430e-03
3.496594208461994632e-03
3.528645473786375542e-03
2.798063214868307114e-03
1.880152931500395650e-03
1.960711369168745017e-03
1.567456252153285505e-03
1.642258393324234249e-03
2.137560291554440033e-03
2.635064672424712161e-03
2.785372770052741993e-03
2.833544498902153003e-03
2.811979957517575252e-03
2.711865622338584681e-03
2.842594361440701958e-03
2.439167678610167523e-03
2.837644921700385563e-03
2.978567875371399172e-03
2.936349440874023910e-03
2.593632210681045755e-03
2.646849273746325251e-03
2.357308811042457819e-03
1.995997767980125896e-03
1.720113279919711436e-03
1.253677365391261218e-03
1.684316084720194340e-03
2.557732059027660858e-03
2.664280420338565811e-03
3.041534763972529153e-03
2.927528514357452885e-03
2.987239837900481244e-03
2.913002604724500549e-03
3.153015552511946682e-03
3.063587998357516877e-03
2.767817352750254027e-03
2.816175735047595028e-03
2.393783398226580639e-03
1.971115011573684565e-03
1.958301020997830610e-03
2.008603570919314726e-03
1.796616024380041834e-03
1.320528308331797010e-03
1.409261627651920432e-03
2.577847094719552378e-03
2.804809292270378594e-03
3.618304689056954428e-03
3.979475324409908338e-03
3.563132013699611429e-03
3.321693603621414699e-03
3.469126488198526204e-03
3.042373811529780134e-03
2.349325107802128967e-03
2.454552012998399268e-03
2.373736344452481717e-03
2.002882809888846625e-03
1.695369320011443732e-03
1.589880695973988622e-03
4.281366868367927035e-03
4.045496041230348984e-03
3.843191542810845025e-03
3.666001768909733522e-03
3.725114095934920887e-03
3.183533284093507509e-03
