6.898315369405529952e-03
7.408810842951590522e-03
7.469978395172141052e-03
7.142709335312247276e-03
6.767075403000821082e-03
6.444224802015180095e-03
6.817283510992472664e-03
7.255189522931521431e-03
7.625877433879809340e-03
7.233033951541239723e-03
6.406758044084364875e-03
6.875718732110478425e-03
6.736210928383198730e-03
5.935236742847006114e-03
5.036071731327948324e-03
5.383137338371439019e-03
5.649969002909280801e-03
6.306360941380262375e-03
6.699527571485800782e-03
5.935967116701332084e-03
6.795764286917718895e-03
6.931996724398975865e-03
7.730905485170131222e-03
7.197733000132509017e-03
5.443660309538245201e-03
4.638745216652750969e-03
4.103033495167354890e-03
4.828247326341542252e-03
4.234743770211935043e-03
4.084864588962359468e-03
4.209808222102848045e-03
5.799287041141228637e-03
5.669503028250553155e-03
5.672618408094753234e-03
5.817998242987828215e-03
6.391988082958216175e-03
6.719532814300196132e-03
5.775278442094780064e-03
4.934576173334128714e-03
4.699150769077029520e-03
3.904790060584094596e-03
2.490610175300389528e-03
4.079143516719341278e-03
3.899213688617403015e-03
3.625311888754367828e-03
3.609605197032744392e-03
4.073261558501558265e-03
5.242844281548803345e-03
4.919474182481115357e-03
4.462194142185829139e-03
5.133680946362966999e-03
5.776951004835692398e-03
4.919322128195993162e-03
6.697752883403815770e-03
6.283280459518375202e-03
3.899011022771116126e-03
2.786256076598709122e-03
2.358389981302686910e-03
3.192531304772604477e-03
4.265869861807335822e-03
3.781324040822007636e-03
3.470909866419705399e-03
3.311134282160889137e-03
3.423147072846239106e-03
3.997471733865412720e-03
4.893950736996802338e-03
4.384816835888407684e-03
3.507780249823223579e-03
3.740588457069613914e-03
4.552539395676417390e-03
4.294306748885323016e-03
7.177599039013412945e-03
1.657293452775444528e-02
4.384464389824477629e-03
2.649698895931413070e-03
2.055041211530227434e-03
2.264439784498377319e-03
2.588494924235750210e-03
3.829259150238199707e-03
4.006245162930677922e-03
3.562541763213547714e-03
3.652824639258059509e-03
2.903596582737835892e-03
3.211912191049619194e-03
3.172507424923506729e-03
4.227330992844971665e-03
4.450697155500000016e-03
4.085544306276874503e-03
3.114058445631103043e-03
3.076623437333513272e-03
2.409899321554059490e-03
4.788313137727196606e-03
5.516516417794098751e-03
1.190667309724217741e-02
5.252668288779783340e-03
3.114377664380961041e-03
3.090598755410279858e-03
2.455777165860953577e-03
2.644990306262942799e-03
4.117240737700326482e-03
4.066159737042405152e-03
6.170439512722871757e-03
2.953871534290638916e-03
2.428683494641022209e-03
1.445931594141505001e-03
1.307945952496745350e-03
2.262713133611462136e-03
3.851792796260931472e-03
4.086076514795422554e-03
4.037365317344665527e-03
3.369637108831243042e-03
2.773883318613198749e-03
3.483043920079415337e-03
5.108857469167560339e-03
6.057925281559370899e-03
5.709006111084652738e-03
4.884324794561093787e-03
3.859035230396495528e-03
2.975981944473460317e-03
2.902077754366804135e-03
2.543340140784328476e-03
3.697268908250738156e-03
5.794843383641405145e-03
5.629374730316075333e-03
2.666002837941050529e-03
2.172955269501967903e-03
1.196625557812777511e-03
8.471934971484271258e-04
1.904729372737082489e-03
2.969999882307919510e-03
3.399208209223368148e-03
3.981663252819667848e-03
3.606715662912889000e-03
3.218579053116793140e-03
3.716579183343459141e-03
5.513742746023292049e-03
4.632567800316875033e-03
3.866876365381441243e-03
3.275265198846516804e-03
3.440953095460744411e-03
2.404597741340032836e-03
2.814009272366423380e-03
2.019895738075402729e-03
2.709839821115813275e-03
4.259192723442207368e-03
4.968552659689025840e-03
2.745609264820814133e-03
2.080917633561925415e-03
1.279869603670456173e-03
7.485272574492476006e-04
1.686944456940347439e-03
2.147006886926564224e-03
2.676088870926336769e-03
3.124080852351405601e-03
4.083750049837611175e-03
3.763277697461572639e-03
3.297608546828004368e-03
5.214607470076192824e-03
3.411434598753905912e-03
2.804999154415616439e-03
3.147992068327519054e-03
3.000561992270046625e-03
2.332848285070874671e-03
3.409161496992138378e-03
2.587718878534029949e-03
2.436229863881387691e-03
4.031673031435771028e-03
3.708644410256635177e-03
2.497122136198661347e-03
1.591223969378254650e-03
1.092725666239857674e-03
8.756304794753140162e-04
1.098468899726867676e-03
1.168187919326803921e-03
2.134436423974958412e-03
3.271871161731806747e-03
4.399054366248575203e-03
4.523153988305817635e-03
3.872476750984787941e-03
4.354883350474251548e-03
4.000915870578451196e-03
2.975650607946921360e-03
2.939521926608987083e-03
2.060695779618981760e-03
2.983863415217704197e-03
3.460541108242151491e-03
3.490045814859596245e-03
3.466615252281454555e-03
4.283310210501605972e-03
2.413553714921528801e-03
2.336269329217347153e-03
2.200319029560143455e-03
1.441719645464962238e-03
1.067472537132826797e-03
9.312082124366002044e-04
8.795167827470736464e-04
9.084608913822607955e-04
1.141268103806809906e-03
1.491399651223963016e-03
5.106083710085262267e-03
5.437107481570405999e-03
3.855228826234286324e-03
4.205568767660720388e-03
4.274227926295928216e-03
4.036506373350593098e-03
2.440731609898317851e-03
2.143518204155208870e-03
2.618762132690542321e-03
3.247125492304224741e-03
3.065838235091756809e-03
2.399346060966226109e-03
2.349783581766215317e-03
1.953490882773291099e-03
2.287275179035284500e-03
1.361261502924290649e-03
1.131702553142200718e-03
9.567622645673426419e-04
9.522608862343159885e-04
6.837838498706167887e-04
9.423173456029458085e-04
1.133105717599391937e-03
2.774558008902452012e-03
4.374335615218363262e-03
4.410799306986684307e-03
2.600692254914478783e-03
3.717595330354842194e-03
2.814304358749227051e-03
1.745191139475950424e-03
1.933815304007360054e-03
2.271509208102625958e-03
1.966648465234109144e-03
2.474253849041732796e-03
1.172807850790294655e-03
1.473880351775071857e-03
1.439441524615341908e-03
2.162615853277119644e-03
1.664355492473325966e-03
1.229159809140996460e-03
1.253700677559457062e-03
1.178673193366690155e-03
7.858831985768946439e-04
8.487703638489950886e-04
2.036514861339872376e-03
3.054965171031653881e-03
3.920471983623097928e-03
2.225626408207145683e-03
2.249294267544014927e-03
1.634046009381894459e-03
1.529446618488608696e-03
1.276162212351747254e-03
1.332890411669557804e-03
1.357853380878540524e-03
1.073708821257406956e-03
1.356025649742646690e-03
2.093457468700679787e-03
1.838061196560209507e-03
2.129488137804648896e-03
2.086805571293966297e-03
2.121718304062431351e-03
1.619683282280510181e-03
1.379889012737707619e-03
9.367268596013838102e-04
1.293009877289560787e-03
1.648619326508857967e-03
2.258062785999341484e-03
1.484368345700204372e-03
1.336596683937717666e-03
1.435243058949708939e-03
8.518580910855565657e-04
8.438609132678142255e-04
1.510595646157691365e-03
1.168367907997559319e-03
1.166210499253462563e-03
1.666729253801432602e-03
1.983565119603140827e-03
2.060011452571912285e-03
2.289602236652915970e-03
2.302852364002981166e-03
2.183527315289459248e-03
2.102262478067793827e-03
1.443651102652603871e-03
9.139824383468790094e-04
1.100548638284883736e-03
1.218220039101486915e-03
1.129084065641191952e-03
7.921699857847256700e-04
7.302056606435639897e-04
6.912523584271019648e-04
1.007910700908806571e-03
1.183136982779780513e-03
7.462155296128581772e-04
1.423176124014637707e-03
2.113368944264948368e-03
1.923751117746261112e-03
3.212816621684892650e-03
3.070112381299788459e-03
2.902167261874472395e-03
2.464793643660166244e-03
1.677188419059596298e-03
1.663980878550897846e-03
1.697629404423588997e-03
9.302086757749996205e-04
6.574305271814492911e-04
7.567176944576203823e-04
8.723394024524499168e-04
8.971895837352018366e-04
9.049199609514537324e-04
8.886442969510840138e-04
9.745136908763511220e-04
1.695525652559643501e-03
2.363136292181231956e-03
2.964963131076232914e-03
3.575332849074832221e-03
3.141595683039420227e-03
2.290858540535819880e-03
2.756683806761760485e-03
2.323193925390527968e-03
1.961114226353608946e-03
1.339070001532408245e-03
9.009378369558941136e-04
7.411525293719023466e-04
7.756423861296339074e-04
1.012904947856441140e-03
1.055537407100101514e-03
1.155427358092062833e-03
1.458396018609743128e-03
2.776307048572396532e-03
3.515180412002584954e-03
3.325765257613966241e-03
2.290529302792327151e-03
2.393639994062885315e-03
2.650408671549732854e-03
2.347733798987147562e-03
1.318516568723928457e-03
1.051218076265120769e-03
1.833140852051490808e-03
2.307570974649438087e-03
2.297763311534336932e-03
2.215129661305003089e-03
2.162345393365037571e-03
3.186520810810510290e-03
3.035237226868048310e-03
3.093756502494215965e-03
3.022046079753305543e-03
2.950249771608716865e-03
2.343817950035868760e-03
