2.716835213063360308e-06
1.380215034580579460e-03
1.060597365911319185e-03
1.171907035313779488e-03
1.209242019269967262e-03
1.242222521906466903e-03
1.209382322180990602e-03
1.335980095195289869e-03
1.354024982770616952e-03
1.341644484902034884e-03
1.308339699679538859e-03
1.387934080254662680e-03
1.268882345777845198e-03
1.561684690723215852e-03
1.552330449962385480e-03
1.596898440177575186e-03
1.513169942277509247e-03
1.531981279438202146e-03
1.463775441499367723e-03
1.973093698882363856e-03
1.941232720548603406e-03
1.649733425101710792e-03
1.698227332197694986e-03
2.059774770929829416e-03
1.861708127730997116e-03
1.801564401199683141e-03
2.308704994729167490e-03
1.569714456997849551e-03
1.886140928740648098e-03
1.736984437135064268e-03
2.112611560880258820e-03
1.895755401180705246e-03
1.765791628355997504e-03
1.955473355148485380e-03
1.990949674261746800e-03
2.204925557524450158e-03
2.275156613989097812e-03
2.355850985118273892e-03
2.284307190139860198e-03
2.725084894031842928e-03
2.744937554028556784e-03
2.918309755231784670e-03
2.804028664302078266e-03
2.930713314889402468e-03
3.211259888056087163e-03
3.258039848811687504e-03
3.421161392297544530e-03
3.329807209511115220e-03
3.710716614830092408e-03
3.551875217548555470e-03
3.717634297919633450e-03
3.672161490854610605e-03
3.829184584481092665e-03
3.816145258155554613e-03
3.858187642756639481e-03
4.007753435577161329e-03
3.735225634145378140e-03
4.222179418735911779e-03
4.224981721763154500e-03
4.385592926297312948e-03
4.294028966297325223e-03
4.236869891665369890e-03
4.557393899815281174e-03
4.435054574133505401e-03
4.679959193608895437e-03
4.732505638321264467e-03
4.490995136236992404e-03
4.566336486261806694e-03
4.680936862940017311e-03
5.317898591589370963e-03
4.801245294733381790e-03
4.843907189525857408e-03
4.877069373507418940e-03
5.085338287412897312e-03
5.104488561621657074e-03
4.997014224184730818e-03
5.027842555094827991e-03
4.805263752121790785e-03
5.070314075844227844e-03
5.272427382438196232e-03
5.147752156407125329e-03
5.423286386595290755e-03
5.439992055345348361e-03
5.383789534963171787e-03
5.415920000604079569e-03
5.024989665236265050e-03
5.451087739131537518e-03
5.747051823852621089e-03
