0.000000000000000000e+00
6.000635548752000992e-05
8.220650749793310095e-05
1.195976234930377306e-04
1.671892877853111401e-04
2.444469148577951487e-04
2.894798213053872363e-04
3.613344733716433634e-04
4.466972791253462317e-04
5.238042853086176615e-04
6.089971786917297179e-04
6.956574390216511972e-04
8.013717477539008399e-04
8.514121726575941268e-04
9.398068291559241033e-04
1.030944423260114458e-03
1.112713839716952206e-03
1.202600182054178873e-03
1.288998548493562168e-03
1.374742816383358246e-03
1.461883576556477016e-03
1.525559816573833407e-03
1.612975490099489420e-03
1.656963844494921054e-03
1.727427660000229294e-03
1.821274470164934442e-03
1.883717838593528416e-03
1.963964972611061902e-03
2.025952589932564739e-03
2.114020920683450794e-03
2.224595168211956301e-03
2.308332228873209626e-03
2.374768353684238772e-03
2.461144570191739923e-03
2.541702070813982566e-03
2.643851881457837290e-03
2.741188915434456409e-03
2.835351070670095921e-03
2.915883052266792213e-03
2.998406285727248620e-03
3.080627300217680421e-03
3.156163838361941525e-03
3.194361375306660478e-03
3.256492244089466241e-03
3.332675434564875624e-03
3.413783793845361937e-03
3.500986176301022594e-03
3.574555450152051145e-03
3.655799863236886427e-03
3.778694117205578119e-03
3.852137066216969677e-03
3.961176263246513410e-03
4.033013518182681882e-03
4.156789816978234339e-03
4.229586544327876632e-03
4.328017303891038177e-03
4.435137173748370312e-03
4.528399753536371981e-03
4.593607057269522877e-03
4.633983279877164352e-03
4.679717050328301327e-03
4.710923235259837326e-03
4.712926651809749498e-03
4.752557086364656881e-03
4.764998460782697044e-03
4.813885623272885078e-03
4.855778501076338238e-03
4.906704465495597377e-03
4.994530215199277298e-03
5.055431255404877790e-03
5.112554012620122018e-03
5.186368121393428524e-03
5.271701617820815505e-03
5.318191424405842825e-03
5.416408544273393008e-03
5.470995770606166750e-03
5.550010716049686744e-03
5.644509183226766903e-03
5.706853233109567686e-03
5.814115582409145125e-03
5.892358196517748573e-03
5.926583242714351246e-03
5.944396893953435811e-03
5.933404995604267193e-03
5.924055143612749416e-03
5.903126263321105231e-03
5.878638182823934209e-03
5.869522174137962144e-03
