4.264422311362895020e-03
4.490371116183020615e-03
4.370227286761457428e-03
4.274435489523139946e-03
4.510407145558433493e-03
5.214864028279076608e-03
4.336041250181468971e-03
4.587941379709677657e-03
4.969663431190631843e-03
4.987647714601321260e-03
5.113747330721129386e-03
5.629144280894913220e-03
5.901531274007124940e-03
5.829676498912952400e-03
5.963205127045512199e-03
3.767955540256066795e-03
3.649154275825077995e-03
4.317184042354876503e-03
4.912589528513225563e-03
4.751030101694844222e-03
4.812200066887519813e-03
5.171126569621264935e-03
5.974114226939325825e-03
6.991454553578726507e-03
6.573004753921519311e-03
5.176053411560133100e-03
4.386586981127038598e-03
3.685627174987034325e-03
3.820902879603884240e-03
3.710691965269771568e-03
3.722717773846604804e-03
4.554268459535457635e-03
4.554883492263880722e-03
4.546533148227767905e-03
4.741403708149763592e-03
5.690127166665412926e-03
7.132218801416456699e-03
7.276994147105142474e-03
5.655769532578150578e-03
4.124549132195004866e-03
3.050178485202857236e-03
2.517912931084124919e-03
3.259359647265889625e-03
3.465467386625030021e-03
3.475923302837393303e-03
3.433213548057458420e-03
3.449928375299681198e-03
4.375894680957902877e-03
4.355734722180800399e-03
4.017992220311002692e-03
4.607012939893386817e-03
5.272533956237814880e-03
6.314801671330563283e-03
7.768344435713846891e-03
7.112053205756555148e-03
4.953423061207021423e-03
3.635864105573008605e-03
3.055704244285483134e-03
3.154024963309480425e-03
3.106747722168537625e-03
3.041681410236792091e-03
3.145555669272487656e-03
3.322372086007486808e-03
3.206790382550521370e-03
3.621087854050776978e-03
4.484204046258872048e-03
4.073962865566665634e-03
3.744740547104315285e-03
3.852487668733705056e-03
4.170681381682780735e-03
6.495786746117201797e-03
9.666999214955880257e-03
1.044838140329705858e-02
6.762843503979224825e-03
4.373102395964617237e-03
3.334287694253196613e-03
3.095462897115132828e-03
3.081040393391793267e-03
2.533571127886799328e-03
2.358735793016173820e-03
2.752247266471385956e-03
2.706519074060699959e-03
2.760922409255396354e-03
3.288540735163471718e-03
3.431757150048559205e-03
4.200969103046439147e-03
4.456244345585053460e-03
4.145464986901391952e-03
3.467089835215698707e-03
3.265090678310529713e-03
3.793866818093440552e-03
7.063955547478558382e-03
9.713797229282632520e-03
1.004773980523829963e-02
6.698400305057558395e-03
4.739613132022152051e-03
3.951967656824060225e-03
3.686807573434304226e-03
3.142456841570409783e-03
2.884557449512860795e-03
3.031275256282904128e-03
2.788462633775039192e-03
2.146039793098514573e-03
1.982566815885630600e-03
1.413572071628137108e-03
1.507852776822718628e-03
2.782138022170825477e-03
4.103681072592735291e-03
4.351693057370456703e-03
4.118140278892083207e-03
3.463586982847614761e-03
3.542715471915223579e-03
5.110722712495110488e-03
7.648860898122868991e-03
8.194193627621809348e-03
7.302642614707689078e-03
6.023763573135842292e-03
5.455481921010438794e-03
4.754676483571529388e-03
4.100046924908052476e-03
3.963761603121052773e-03
3.897155285812914371e-03
3.534127407791939728e-03
2.594835378906943778e-03
1.831563189625740051e-03
1.735120207409967174e-03
1.462245952676643123e-03
1.155386361378160469e-03
2.083981663665988426e-03
3.596217371523380280e-03
3.813839073038914184e-03
4.125258842991156617e-03
3.660442836751992210e-03
3.886127780953591362e-03
6.179885557768019684e-03
8.166483571668240946e-03
7.291171543659980686e-03
6.034124129324813096e-03
4.968087923109785163e-03
4.666139139027853169e-03
4.808587837032973766e-03
4.421483503061939685e-03
3.716325334442610248e-03
3.586957474577833187e-03
3.533749206160957321e-03
2.549890090118754876e-03
2.207903360778635041e-03
1.865778986195271725e-03
1.566200390119444142e-03
1.359475162726911553e-03
1.885612855072726001e-03
2.685788955370133416e-03
3.407075112177567009e-03
3.761699931188063149e-03
4.058665130287408829e-03
4.805425467731600300e-03
6.450438692065125004e-03
7.753053468398072266e-03
6.379129709040915266e-03
5.010963970562443137e-03
4.409303700826553742e-03
4.061791025647339647e-03
4.511103425598280391e-03
4.728632502850483449e-03
4.266086658886210879e-03
3.881274193355982796e-03
3.582842457531528000e-03
2.054586900736797821e-03
1.939437034624544136e-03
1.678334845399314648e-03
1.347019083120606182e-03
1.357868588952855591e-03
1.308690989390015602e-03
1.825757494026964420e-03
2.599698152731765282e-03
3.550954290073026192e-03
4.359740023077888528e-03
5.191334332762794455e-03
6.068802343427457356e-03
6.669389348561790935e-03
5.724994227586483256e-03
5.238055645763365666e-03
4.542475091346370383e-03
3.945860472661231154e-03
4.682077158411795600e-03
5.049352936277335183e-03
4.390985218130729652e-03
3.999803056517107526e-03
2.808990380303426262e-03
1.650041604245250934e-03
1.323426819660446880e-03
1.313634978776628262e-03
1.095976109023798694e-03
9.978238747201182823e-04
1.242388187992301933e-03
1.165384405546567676e-03
1.413181678137995960e-03
1.695853298191319714e-03
2.133207755501974594e-03
3.849562448026104446e-03
4.382540715265680759e-03
4.740001750178635120e-03
5.667633080685680405e-03
5.609394082884219639e-03
5.597016639182005732e-03
3.613657061412761315e-03
4.272153798824133465e-03
4.523588228039443493e-03
4.335494119335304292e-03
4.003453470597212807e-03
3.002820187248289585e-03
1.279668797823515884e-03
1.084716609594496735e-03
9.698411661454222222e-04
9.327489586377686213e-04
9.307360742241144180e-04
8.162968072362921258e-04
1.307614634490825893e-03
1.360032453455708263e-03
1.630611548369580990e-03
1.895894232968037838e-03
2.516561081971634400e-03
3.400613765486261864e-03
3.435300546698272228e-03
3.130275576206093327e-03
3.391648325222459785e-03
2.830188478004526127e-03
3.585753114417787862e-03
3.867932546365243987e-03
3.481073167429051419e-03
2.745037655007432926e-03
2.729330751621587749e-03
1.708219134756787296e-03
8.523550773547453920e-04
7.237824188037352523e-04
9.967132725498893241e-04
8.841022129424593468e-04
8.932797619226304263e-04
1.373695421286604641e-03
1.664005632681602722e-03
1.651793771254068130e-03
2.003118480471047409e-03
2.503463342277841095e-03
2.665889809246767533e-03
3.161750035360455513e-03
3.184642071243036759e-03
3.634982530704953651e-03
3.539613612123172510e-03
3.268252756573598612e-03
2.500795869061469157e-03
2.244772095847028144e-03
1.668914506973868126e-03
1.383211050944572204e-03
1.166059836660596379e-03
1.203733284703709843e-03
8.912855039604685326e-04
1.095698680728673935e-03
1.055257934653623577e-03
2.041610211811282615e-03
1.906475189819254639e-03
2.000083130868998520e-03
1.901420976289294002e-03
2.425038901327008709e-03
2.511324593797326088e-03
2.578858624805103767e-03
2.537520348348400612e-03
3.042073899202725907e-03
2.940871996212411892e-03
2.290801154396665887e-03
1.743588131254434530e-03
1.719177859327332501e-03
1.373596129600297222e-03
1.265928212722594029e-03
1.523988744751973625e-03
1.638199499046260601e-03
8.979159703647548009e-04
1.099633402191102505e-03
1.659775533798066131e-03
1.975027780810540215e-03
1.979032372632487293e-03
1.736787168986418011e-03
1.843641819009049412e-03
2.108371382663873188e-03
1.741757595234296558e-03
1.636346907947551022e-03
2.063931389288468834e-03
1.928562123794108629e-03
1.479545184834436897e-03
1.568571634245265840e-03
1.192513099257749669e-03
1.057508348656648880e-03
1.313608425500040764e-03
1.321736045859076740e-03
1.134785738858309738e-03
7.649098776958205680e-04
7.607704451815648118e-04
1.823242007627744665e-03
1.929116176060316316e-03
1.575531125788322924e-03
1.851234129968692054e-03
1.744196760806847801e-03
1.427306327968835831e-03
1.226853081871840008e-03
1.349171771752563469e-03
1.629428684034130810e-03
1.407964874736287357e-03
1.163856577859819028e-03
8.011796427044001788e-04
1.098129982975396164e-03
1.284130637279965641e-03
1.162720087449997663e-03
9.380006337199698696e-04
9.007952493530782491e-04
1.850345947208221565e-03
1.546670076839456445e-03
1.773414538051425095e-03
1.852403725603256812e-03
1.733120385324582458e-03
1.636443088169802417e-03
1.259314097379418858e-03
8.468303316145796766e-04
1.069273450411856174e-03
1.149904631099409697e-03
1.067456093936285013e-03
8.182002771222455541e-04
9.429769918576560040e-04
1.168613954426043393e-03
1.303720145105299703e-03
1.530615345803777250e-03
1.824660143359902809e-03
1.894717649768360617e-03
1.965898436372464850e-03
2.132351936531697457e-03
1.646954705475681298e-03
1.063861560396617278e-03
1.090496648843823548e-03
1.137345184278357006e-03
1.029305853907399974e-03
9.295041327277431265e-04
1.035204775689635426e-03
1.955478766996582643e-03
2.050437469733878970e-03
2.161380533255975473e-03
2.110484363087876316e-03
2.066453069511970178e-03
1.589171757752245182e-03
