4.264422311362895020e-03
4.490371116183020615e-03
4.370227286761457428e-03
4.274435489523139946e-03
4.510407145558433493e-03
5.214864028279076608e-03
4.336041250181468971e-03
4.182185639034618346e-03
4.468426044861023919e-03
4.343391396105289459e-03
4.442292540757493934e-03
4.744292988272552983e-03
5.223300688984719269e-03
5.829676498912952400e-03
5.963205127045512199e-03
3.767955540256066795e-03
3.649154275825077995e-03
3.846987954933535087e-03
4.280424846166914002e-03
3.969388463619080536e-03
3.802216802300377365e-03
4.040068195370788082e-03
4.566707828251475795e-03
5.957532361869446492e-03
6.054044171998446480e-03
5.176053411560133100e-03
4.386586981127038598e-03
3.685627174987034325e-03
3.493887372314929962e-03
3.152333729138428672e-03
2.994442273947325699e-03
3.691503291272304078e-03
3.410245715217156883e-03
3.167130878533829224e-03
3.280582107518884190e-03
4.341670745899054058e-03
5.572382879274135128e-03
5.902255456682972169e-03
5.083721947316503266e-03
3.519159275707682815e-03
3.050178485202857236e-03
2.517912931084124919e-03
3.259359647265889625e-03
3.162355246869000443e-03
3.116259182041341766e-03
2.972814063964919571e-03
2.775465879081325058e-03
3.492588029158386238e-03
3.284064629538492684e-03
2.723760437220335007e-03
3.219321814619681855e-03
3.988068561408330409e-03
4.259811984163455224e-03
3.904516094321892981e-03
3.521056565990544635e-03
3.166839445508561317e-03
2.425220163951797084e-03
2.742624444760043394e-03
3.154024963309480425e-03
3.106747722168537625e-03
3.041681410236792091e-03
2.784008583561940666e-03
2.818613694134083740e-03
2.594326749782670510e-03
2.734933027320287247e-03
3.474791047417304535e-03
2.943654290654442330e-03
2.520126777447082977e-03
2.581757091155106529e-03
2.833322431384162430e-03
3.941542024470188164e-03
7.175822783293286889e-04
6.831485056450633218e-04
2.450705129335388390e-03
1.991433934149840299e-03
2.092371623306958552e-03
2.264980401378124952e-03
2.466593149372122307e-03
2.533571127886799328e-03
2.358735793016173820e-03
2.752247266471385956e-03
2.393445169383829133e-03
2.311698415062644462e-03
2.627169078385288223e-03
2.538279799575155274e-03
3.348083700984716415e-03
3.374704329127614991e-03
2.889157103543931945e-03
2.438711954958059768e-03
2.548109369606456776e-03
2.312011392363770481e-03
5.007270284378054388e-03
8.809070409783585111e-04
6.701643710791606746e-04
3.003985602183754499e-03
2.490104692035608868e-03
2.248222280865196359e-03
1.686513958371837129e-03
2.056309477087449062e-03
2.392383101819591049e-03
2.222111829641190521e-03
2.788462633775039192e-03
2.146039793098514573e-03
1.715161922303112992e-03
9.197396310892971783e-04
7.696499709378589382e-04
1.890323378823020222e-03
3.099331462925130828e-03
3.305157561871138565e-03
3.213082482530312065e-03
2.675945426083424072e-03
2.785103332081978814e-03
2.694161831062625873e-03
5.016864727208899220e-03
3.861153884579173346e-03
2.527948430394065787e-03
2.901118566197427757e-03
3.223339767745611421e-03
2.543756423454562529e-03
1.768674532120877987e-03
1.376809023151343578e-03
2.325646335851739872e-03
2.574778669937090401e-03
2.594835378906943778e-03
1.831563189625740051e-03
1.359862508252263069e-03
9.625847239724614601e-04
5.385892846706238956e-04
1.298808259889483452e-03
2.467664911157705764e-03
2.703865122219378456e-03
3.174359211698174477e-03
3.260807218876751908e-03
3.261102818545292843e-03
4.046202351508492931e-03
4.880190625871447078e-03
3.899829414546150935e-03
2.745424227875694224e-03
3.122302185808869136e-03
3.253092527467577391e-03
2.013525491665032856e-03
1.886509321841665270e-03
1.546603553420440678e-03
2.014776204966685792e-03
2.345765898512168404e-03
2.549890090118754876e-03
2.207903360778635041e-03
1.433292467316443211e-03
9.359356058253483733e-04
5.643460052934559613e-04
1.117487692020156147e-03
1.688386355950073723e-03
2.386307089843533059e-03
3.022139828482811943e-03
3.611741143024780731e-03
3.615181766111742485e-03
4.373762947083873788e-03
5.084195692854171292e-03
4.201968121130696988e-03
3.086430867287245743e-03
3.521835427818587050e-03
3.253787931643356383e-03
2.400286239042708977e-03
2.500225853344256385e-03
2.134286375208334450e-03
2.281582395715469821e-03
2.879191295836459625e-03
2.054586900736797821e-03
1.939437034624544136e-03
1.223758794367313385e-03
6.924582518298517475e-04
5.556533367119052391e-04
6.909991868517615776e-04
9.140519806268540591e-04
1.596063904633576161e-03
2.644361864606087700e-03
3.878494576466354378e-03
3.958964582786641574e-03
4.035956120457161872e-03
4.417190423489294505e-03
4.040593704716725389e-03
4.064826794836500987e-03
3.935658053788673900e-03
2.081729970417324233e-03
2.080000402532856691e-03
2.581736464476720814e-03
2.470584226433526504e-03
2.680261259559880722e-03
2.141646024855700485e-03
1.569700067524205456e-03
1.323426819660446880e-03
1.313634978776628262e-03
7.870523470707914849e-04
6.378581959076902886e-04
6.190481045368043155e-04
3.199089445512403240e-04
5.993005099960348626e-04
6.881537847220897675e-04
9.182916996492581328e-04
2.707990987057035462e-03
3.448258291675963382e-03
3.843253171494738583e-03
4.339394170198251216e-03
4.477638073942877793e-03
4.623011217600750573e-03
2.595472991246920626e-03
1.705629012907262454e-03
1.730850950645452255e-03
2.111303747038949501e-03
1.970282512378286350e-03
1.642644722861322411e-03
6.234233309938149413e-04
1.000415449115363113e-03
9.698411661454222222e-04
9.327489586377686213e-04
6.787453100762584190e-04
4.880448633974248762e-04
5.044651810418475857e-04
6.326325872743672083e-04
7.830204823139039249e-04
5.709617822007699052e-04
1.059679145162755734e-03
1.927159641954031936e-03
2.395041128197176929e-03
2.558748396536843304e-03
3.555188082497228157e-03
2.530329212525182347e-03
1.635630448121942662e-03
1.550312231384767987e-03
9.268319382416931361e-04
1.228871141475709923e-03
1.303348139944401733e-03
5.845538001846183529e-04
5.810484925115650843e-04
5.883426744152199040e-04
9.967132725498893241e-04
8.841022129424593468e-04
6.275447932156649799e-04
6.606850815428929290e-04
8.953239726410670320e-04
5.954718217253684998e-04
5.896650043062188606e-04
9.791097307408397257e-04
1.616499661891297821e-03
1.272055352191356174e-03
1.919575257819484482e-03
2.058168576860969559e-03
1.682190679606388817e-03
1.123233976117758628e-03
4.899987717925051835e-04
5.400029767770320177e-04
5.751578931019387265e-04
3.605789547278122321e-04
4.459907597100192900e-04
5.059430841356515884e-04
7.039843211797150403e-04
1.095698680728673935e-03
1.055257934653623577e-03
1.484938092868436565e-03
1.175871605730869534e-03
1.044743525033647305e-03
9.189077060330997715e-04
1.018284502523866646e-03
8.741201176731424292e-04
9.626442333683371544e-04
9.011286099187352638e-04
1.226937736977230320e-03
1.308962988497858757e-03
7.415367144858464599e-04
6.532059541190061514e-04
6.356767923782833795e-04
2.850255114026367664e-04
3.590335201641375418e-04
7.739200108599933415e-04
1.029057396491142758e-03
6.751948120919140607e-04
1.099633402191102505e-03
1.659775533798066131e-03
1.451122119430114021e-03
1.148528800430623047e-03
6.363900611177086830e-04
8.567309917204759141e-04
8.394787278534336129e-04
6.828150733120062332e-04
4.054239781742746229e-04
4.240956305610862399e-04
4.711106038567694997e-04
6.270204374397343348e-04
7.641670040770391116e-04
3.175597468560392256e-04
7.618617594496092816e-04
5.925744136964732458e-04
6.491533290086822471e-04
5.054191834377971858e-04
6.090233165940100004e-04
7.607704451815648118e-04
1.823242007627744665e-03
1.342084528666666983e-03
6.834814928218045215e-04
7.536682744764468690e-04
6.618218771605329474e-04
5.783943766304714719e-04
4.455321468412876129e-04
3.723153177733448172e-04
6.692074609666385631e-04
6.138135477985171050e-04
3.492174265447416126e-04
2.476679536894980048e-04
7.706339079463346044e-04
8.075896079059351673e-04
6.006831483153456499e-04
9.380006337199698696e-04
9.007952493530782491e-04
1.850345947208221565e-03
7.424430355471981803e-04
8.770192163700068046e-04
8.339055877348238279e-04
7.948736231562427302e-04
7.473873159721155157e-04
5.573172556151720315e-04
2.861859552054242506e-04
5.273841353217986793e-04
4.884118071376261682e-04
5.153008033651283303e-04
2.615950731772252302e-04
5.043301948303865155e-04
1.168613954426043393e-03
1.303720145105299703e-03
1.530615345803777250e-03
1.321488431461726809e-03
1.458008146569640760e-03
1.053063135094072780e-03
1.300140727504516458e-03
9.463287278776988387e-04
5.587559039254715552e-04
1.090496648843823548e-03
1.137345184278357006e-03
1.029305853907399974e-03
9.295041327277431265e-04
1.035204775689635426e-03
1.955478766996582643e-03
2.050437469733878970e-03
2.161380533255975473e-03
2.110484363087876316e-03
2.066453069511970178e-03
1.589171757752245182e-03
