0.000000000000000000e+00
1.221086454647433441e-04
1.586775955403589696e-04
1.711107349570223585e-04
2.037151287452148305e-04
2.305308977797906173e-04
2.253418869852957004e-04
2.311423714551940137e-04
2.637939877066030432e-04
3.008809388414828605e-04
3.247019453527887740e-04
3.478392614612852546e-04
3.740297212545366790e-04
3.964112727146256181e-04
4.359253451820606536e-04
4.596291770591219485e-04
4.761382462538414021e-04
4.998366351915163857e-04
5.406580130879432315e-04
5.709665624609531467e-04
5.849011532818148423e-04
6.017683854803034145e-04
6.339471330406108024e-04
6.507819551377990548e-04
7.101244740193589410e-04
7.542139354530005401e-04
7.819895711380886157e-04
8.158286596523736276e-04
8.466979532890866545e-04
8.872117863354310680e-04
9.642099229878990522e-04
1.008318218453369995e-03
1.045839522703317925e-03
1.100929793163210732e-03
1.158816577133021507e-03
1.258310159881810596e-03
1.370407276799649309e-03
1.520094344019957099e-03
1.668835217533552392e-03
1.823230863988232640e-03
2.005462971577525854e-03
2.129616431916816089e-03
2.193407093117893687e-03
2.250377180596821805e-03
2.284284048262718615e-03
2.341881248698908773e-03
2.401430502996882398e-03
2.498221553887665890e-03
2.602783536957038735e-03
2.680210256848128848e-03
2.774352227084303513e-03
2.883305479240781243e-03
2.980941418156961720e-03
3.072784730222148653e-03
3.134280200982049285e-03
3.212724164642415288e-03
3.256799153360468314e-03
3.295901891098470572e-03
3.316062251395260774e-03
3.321339150337567023e-03
3.295057963373306583e-03
3.321507861962235113e-03
3.346784925349043267e-03
3.448969880445332606e-03
3.574861152244952680e-03
3.693057974797775943e-03
3.732223115690493868e-03
3.754097615939637478e-03
3.768047645238545816e-03
3.754966848436002650e-03
3.754917258705278964e-03
3.764028762395876023e-03
3.792443717256217903e-03
3.823462079902922514e-03
3.847136826436452391e-03
3.888750785746076123e-03
3.990633822752114208e-03
4.035056433551258669e-03
4.063889176042742232e-03
4.096957522671874560e-03
4.126707316746206812e-03
4.106669244751794644e-03
4.104569455199253043e-03
4.069569505763918037e-03
4.040207916391593337e-03
4.018314580875179814e-03
4.005081342708862770e-03
4.367831215512066496e-03
