4.870878899552551732e-03
4.802030148764548957e-03
4.209070599504879419e-03
4.044840736268776049e-03
5.163480715798626774e-03
5.063734113656240959e-03
6.751612709660835022e-03
6.869492446774332420e-03
8.275687222006580107e-03
9.635912990793952040e-03
1.059013937159528594e-02
1.165126875067861410e-02
1.238020863831318548e-02
4.826406429847472819e-03
4.367683807690742222e-03
3.400785353016383405e-03
3.596050224354114654e-03
3.481107034486502841e-03
3.653751970658748478e-03
5.305509069209615389e-03
6.795109653377474218e-03
8.728060027208234956e-03
9.424368917409862295e-03
1.035734245053542869e-02
1.114375074879708424e-02
1.321691593437414325e-02
1.674744406694390203e-02
3.996223651716862037e-03
3.041856844216732011e-03
2.728609028708171586e-03
2.956662180241692757e-03
3.970922269110608790e-03
4.024277932097758935e-03
4.298749338523507983e-03
5.894302913524540437e-03
7.586804080956381299e-03
8.831203135253467423e-03
1.055690213886498023e-02
1.181852211480389006e-02
1.227458932131914211e-02
1.658534026518922871e-02
1.723209136091700261e-02
2.553950371266585761e-03
2.510276517550933621e-03
2.813752135032503501e-03
2.688124583199106264e-03
3.142249389675450498e-03
3.170536757616573918e-03
4.323800924816742323e-03
5.551241975956655930e-03
6.839462344906306786e-03
9.275806202952350393e-03
1.015427742403440976e-02
1.174651872305878565e-02
1.188333562903308091e-02
1.315294289697658929e-02
1.720005154581078291e-02
2.997663899742323852e-03
2.788762098609520474e-03
3.075912402107797670e-03
3.101548831451115401e-03
2.926863633610051179e-03
3.089862123241859070e-03
4.579068620326777299e-03
5.814032482322800850e-03
7.195294995246262655e-03
9.458524697997006819e-03
1.047409962165385053e-02
1.058132186236107782e-02
1.254986713596234309e-02
1.125163424776160458e-02
1.203581973772841276e-02
3.175230439880798693e-03
3.017428743978732737e-03
3.469705366038629973e-03
3.065486956993347493e-03
3.070332738456174083e-03
2.825519533396647891e-03
3.870450437362558168e-03
6.028133004059638665e-03
6.822121251613048540e-03
9.468569138128622720e-03
9.772308365776768632e-03
8.793013969498223587e-03
1.061135590557591574e-02
1.060362640605422811e-02
1.146236979236294092e-02
2.810793722351196452e-03
3.151725266550855793e-03
3.610232321940032036e-03
3.229146997623255719e-03
2.882518539471285498e-03
2.991604380162772494e-03
2.917846224357929352e-03
5.232797348367169282e-03
6.378932300900003183e-03
7.922867517184300698e-03
8.394933599299691726e-03
7.768389815923395364e-03
8.715444645392644851e-03
1.049737754654084254e-02
1.098756081652036212e-02
2.773066120121279489e-03
3.317146525337484868e-03
3.677466331425999387e-03
3.326327154605553203e-03
3.098825426322632942e-03
3.742596751601972010e-03
3.175216236064586518e-03
4.476800810986111129e-03
5.257992103714220766e-03
6.509650746369596841e-03
8.201323899215665417e-03
8.549343309998328269e-03
8.773693330001013438e-03
9.125056699218843728e-03
9.348630104580975958e-03
2.276252721220695455e-03
3.355488871577484884e-03
3.981529017038679640e-03
2.944394432265183201e-03
2.909101871544210807e-03
2.931515833023440147e-03
3.060625978456488986e-03
3.910576722818642423e-03
5.041818329468002353e-03
7.346640233170663101e-03
7.372090514987853990e-03
8.224020571002892827e-03
7.014436945502687190e-03
6.106081386578494224e-03
6.788167990352717701e-03
2.672953386630477681e-03
2.841890369211621907e-03
3.469740228126458499e-03
3.253906781743900068e-03
3.011372878005168577e-03
3.271950390465153732e-03
3.061621556554007789e-03
3.652716546980067872e-03
4.844337614629362805e-03
7.275989173058181568e-03
5.206634991875679595e-03
7.029551512612204622e-03
6.221725744782520377e-03
7.067040521711720827e-03
8.071870383923514594e-03
3.380536801970834317e-03
2.928660062096985570e-03
3.127279735412311079e-03
3.678621947616247164e-03
3.451823412178066115e-03
2.970948691331905516e-03
2.910684053545239611e-03
3.196847644198560871e-03
3.727583680086851876e-03
6.747784940330908351e-03
5.459504792973711440e-03
5.652207427020436610e-03
5.822878198365834257e-03
6.588097942090969696e-03
7.726341007125971973e-03
2.460081427325976500e-03
2.127786359653390837e-03
2.525414150951457628e-03
4.099456700060535169e-03
3.315384051271626914e-03
2.526628997020900682e-03
2.316515711526124805e-03
3.435555297257424697e-03
3.948013772476886493e-03
6.016342591017190961e-03
5.893374833374701548e-03
5.316296336011676685e-03
6.177055132185370161e-03
6.759805406680046216e-03
5.782022235830190822e-03
2.437527633267523586e-03
2.003526526131653267e-03
2.138007386344406915e-03
4.036925774379610150e-03
2.869734714917948713e-03
2.018811988639714061e-03
2.037459314603523499e-03
1.965114388046006362e-03
5.202925341947032059e-03
4.769081171840576158e-03
4.214352040363503540e-03
5.116805002974171568e-03
5.431098254452565444e-03
5.372187610155916733e-03
4.776713120107501341e-03
2.175437958608266668e-03
2.146524200537081213e-03
2.041464937584740961e-03
3.721711611182525106e-03
2.661283811545137046e-03
2.078087949951000404e-03
2.052568491052818040e-03
5.536368552577025648e-03
4.973259268172562121e-03
3.841290507337142592e-03
4.930638733407106088e-03
4.753435959608243860e-03
4.915814261810092824e-03
6.002836116346452547e-03
5.393384799264885378e-03
2.449707481367834668e-03
2.224643838596461476e-03
1.977779613486651926e-03
3.628926493888124608e-03
3.007817398664986742e-03
3.457798150005598863e-03
2.920310526829341183e-03
4.980461552665738957e-03
4.706680214977616850e-03
4.606569566640066928e-03
4.918426745502379495e-03
5.381362953136120154e-03
5.738366308066939099e-03
5.846600058279803266e-03
3.270162076785646486e-03
2.754299093973754109e-03
3.671083998467241077e-03
4.703803176032791966e-03
3.821902027527980614e-03
3.594379757388765396e-03
3.866259728929973168e-03
4.896909599490646865e-03
4.733347875327606133e-03
4.863639871401740158e-03
4.918463945645710697e-03
5.390655329643652058e-03
5.516014145595466746e-03
5.146810246443403805e-03
4.962534457903924195e-03
4.925085158257062022e-03
3.015583601270990528e-03
5.202584418243375378e-03
4.090783947831010472e-03
