2.707221635015836465e-06
1.106036524773420160e-03
1.569799354971716278e-03
1.404536618732284657e-03
1.200840430343911658e-03
1.341477212675575492e-03
1.026419710797199514e-03
1.252533345905249007e-03
1.642721029202220918e-03
1.268215796517324591e-03
1.424372108461587506e-03
1.504285368355340324e-03
1.274572394807667753e-03
1.287949640194104581e-03
1.719904807093068123e-03
1.537947338874801062e-03
1.571364662716708558e-03
1.907303578779343846e-03
1.690153202919949084e-03
2.112691158254165289e-03
1.853966391839397378e-03
2.286913216979276787e-03
2.281218486314173614e-03
2.088475344377608688e-03
2.848226850862071481e-03
3.109421293144502395e-03
3.484607313293963497e-03
3.625658617723577937e-03
4.364121428807266057e-03
4.023341487118159768e-03
4.509592262062748873e-03
3.598444214973521311e-03
5.755502526638641564e-03
4.416218010131463777e-03
4.434293340333776527e-03
4.806386649700774248e-03
4.044603970881629346e-03
4.208654388882375127e-03
4.071769986694562249e-03
4.360087792277530377e-03
4.756018708455182417e-03
4.737614044400591945e-03
4.168445196652706929e-03
4.656440353816530299e-03
4.690362513307870171e-03
5.077181780143292036e-03
5.108818951824408566e-03
5.543980319877543292e-03
5.080316680808512515e-03
5.330956568771702021e-03
5.269033910735743120e-03
5.285190051048023821e-03
5.789197548438096419e-03
5.388715827575651755e-03
5.427904805765137661e-03
5.665160549203089070e-03
5.034607251824733780e-03
5.525302916673050999e-03
5.441612102852862697e-03
5.975509075991188544e-03
5.888165810029022049e-03
5.952150241500931034e-03
5.794426419015508145e-03
6.188220642555582879e-03
6.386359073682494440e-03
5.889668785190830570e-03
6.383662927328259337e-03
6.272266819360083553e-03
6.187901119362019392e-03
6.362139773167048776e-03
6.376142205166009623e-03
6.699156012170230483e-03
7.000011344644008204e-03
6.375942088319182591e-03
6.858266507212344189e-03
6.900261970683155797e-03
6.549154880243198383e-03
6.563351910396401749e-03
7.071640896659421756e-03
6.725100701927052421e-03
6.991075933062044535e-03
6.821389618320002589e-03
6.657105955188550618e-03
6.258314267931079297e-03
6.747023197870779219e-03
6.705000541721043913e-03
6.928941361547913229e-03
7.000646100398928880e-03
7.119875034186406645e-03
7.075117288695764901e-03
7.390547552980327242e-03
7.766339967201929366e-03
7.539602094766451046e-03
7.101721886040953356e-03
6.991805346842738800e-03
7.103574276091724655e-03
7.093837296391332890e-03
7.362673246340515829e-03
7.682899438683913826e-03
7.208463635834050365e-03
7.450699783657910129e-03
7.960521923511503298e-03
7.836105855797843509e-03
8.127332441047959571e-03
7.602918892371235242e-03
7.422588471066167773e-03
7.848252678559219236e-03
7.432465599898326405e-03
7.188214630514266727e-03
7.064855170877611633e-03
7.501523599845919855e-03
7.054597794315971629e-03
6.526958127142279582e-03
6.963889047377354660e-03
6.429442315372095249e-03
6.733627644522736239e-03
7.046798406130013251e-03
7.577959083331128019e-03
6.447775856092145298e-03
6.001325131243599384e-03
6.164786596370200843e-03
5.972886237335235833e-03
5.809888925978157030e-03
5.833656690568508191e-03
5.644984700059770162e-03
5.693544452136241676e-03
5.612552659598198795e-03
5.498574103967257543e-03
5.591664553624771557e-03
5.286080002861126559e-03
5.242582414272571080e-03
5.140196953531509481e-03
5.191650144418720816e-03
5.211245327761086267e-03
5.081159429270580043e-03
5.332016016291163049e-03
5.330429950117831876e-03
4.788411016246148753e-03
5.099748059001285930e-03
5.655754718569975907e-03
5.225506815198362361e-03
5.127852893262267557e-03
4.899809412563627120e-03
4.705365384355294535e-03
4.898823070910414759e-03
4.987019546630714305e-03
4.642044469528627468e-03
4.789433043515600903e-03
5.255648674847179791e-03
5.303144722923510204e-03
5.346447205253449485e-03
5.334402936447683527e-03
5.006645600648577422e-03
5.465707061800154608e-03
5.243864612869704629e-03
5.244311400504860811e-03
5.290097627281890175e-03
5.094619135100704813e-03
5.526250055845593687e-03
5.022153227158317884e-03
5.188913667977127463e-03
5.335794697869763320e-03
5.428689075779402282e-03
5.576489475303484517e-03
5.363406574178952897e-03
5.308327110712222213e-03
5.301898871706119815e-03
5.591413026680432975e-03
5.959573753352742295e-03
5.933775669715638489e-03
5.874484376666562653e-03
6.091597369171116230e-03
6.043854374487030341e-03
5.546870223770383919e-03
6.394676969406039996e-03
6.161851220986136815e-03
6.095159342961172649e-03
5.996170700018410744e-03
6.445273861815318389e-03
6.319150568985302391e-03
6.499048488573559539e-03
6.682157298322029607e-03
6.636644509247465080e-03
6.745095916630816819e-03
6.671636999817565430e-03
7.125619226765896562e-03
7.179417424777056848e-03
6.904507286041431692e-03
7.120555475194123400e-03
7.251077997595226782e-03
7.525515572948885366e-03
7.700137583136286781e-03
7.335786162123743639e-03
7.340597793760631797e-03
7.024084738319894688e-03
7.535023499925349449e-03
7.385298968559558287e-03
7.558050679896647847e-03
7.447206041494306740e-03
7.263721145257780523e-03
7.410225014003420270e-03
7.588437418720180884e-03
7.537634977658550992e-03
