3.517684503802524960e-03
3.523552992147177890e-03
2.841666836309902910e-03
2.363658340400075566e-03
2.983038263221092414e-03
2.993563226804944483e-03
4.259054122373388297e-03
3.525530405599495640e-03
4.318197996451936770e-03
5.379226682661789050e-03
6.116807385086278984e-03
7.598736263058042395e-03
8.462750826035557450e-03
3.622743232276639212e-03
3.088390867551559123e-03
2.626483470862135076e-03
1.983869343702429015e-03
1.729807123688641450e-03
1.875817739023950869e-03
3.019620632303172264e-03
3.489093263197708388e-03
4.772957423564248326e-03
5.183449193945365539e-03
5.948858727870757167e-03
7.379628228438843418e-03
1.082551695711525368e-02
1.674744406694390203e-02
2.874913042769056300e-03
2.828771147528305434e-03
2.263527363538742065e-03
1.517629663785690199e-03
2.190968682393064533e-03
2.109829776833209870e-03
2.109517256174181683e-03
3.128027974678377742e-03
3.976098858187057834e-03
4.772161759821505651e-03
7.049547399398801983e-03
9.508282650247636830e-03
9.897089093061063603e-03
1.658534026518922871e-02
1.723209136091700261e-02
1.487767929440648659e-03
1.593766201819692401e-03
1.520522278297710894e-03
1.313194430667191312e-03
1.403252809799363432e-03
1.325632367521671282e-03
1.899599845479861765e-03
2.588443302095230075e-03
3.643502696908166444e-03
5.879593935102371202e-03
7.585844458562546883e-03
9.295497946395295252e-03
9.283551140550726569e-03
1.114851299884357487e-02
1.720005154581078291e-02
1.640623651004483518e-03
1.449053730870702560e-03
1.625637569707896399e-03
1.438090329980615256e-03
1.121094597164046074e-03
1.084639034761583892e-03
2.042145165500088878e-03
3.091956337390862081e-03
4.156556875064161376e-03
6.757097204073602738e-03
8.022412516663007115e-03
8.064770122549583947e-03
1.050155303696757685e-02
9.184427904033932999e-03
9.725513247713696643e-03
1.895958635717483534e-03
1.531860153443120312e-03
1.757401275664127608e-03
1.668518441247529094e-03
1.439367278749719694e-03
1.172888289971891953e-03
1.240718930849594483e-03
3.664564533994115782e-03
4.152516669277193755e-03
6.970696841719849386e-03
7.373901745855000571e-03
6.563863551285430142e-03
8.481015974691303097e-03
8.541703203537047775e-03
8.862293699592536933e-03
1.653570498298541575e-03
1.884025416057098171e-03
2.201237302879101125e-03
1.849498861272053226e-03
1.253514376290032397e-03
1.177425092554151148e-03
1.434274504117190622e-03
3.163369078868128251e-03
4.095691334217639937e-03
5.645214550178773161e-03
6.220619171270595944e-03
5.970223083073649718e-03
6.648385156779848364e-03
8.027045139377670877e-03
8.245095471981132157e-03
1.839238026275717046e-03
2.178298199338278909e-03
2.360843424799994282e-03
1.978086066785557547e-03
1.461907120173787942e-03
2.371402877139780832e-03
2.011494630755021520e-03
3.107224366274373255e-03
3.520900050976446573e-03
4.835885763627114503e-03
6.339071203812295975e-03
6.502294506914363392e-03
6.712006021484851620e-03
6.836928149084262225e-03
7.436386725763226117e-03
1.530268968179308202e-03
2.577620292348520911e-03
3.043509893614816924e-03
1.850335326577935962e-03
1.862425336458265997e-03
1.784673102860673830e-03
1.876829705875495422e-03
2.457242709093639815e-03
3.704705007209126068e-03
6.055975417730403119e-03
5.785148386646227561e-03
6.381455581782046436e-03
5.045737442675188832e-03
4.439855710327455206e-03
4.603269405760074089e-03
1.747979703382244792e-03
2.079447022561222314e-03
2.484176515514407036e-03
2.102983361362420131e-03
1.721418434019966618e-03
2.068858429688611757e-03
1.904097097246847939e-03
2.476286416038356829e-03
3.842598759211379549e-03
6.079413869023653043e-03
4.154079553574837637e-03
5.361335310199541460e-03
4.244777519058601581e-03
5.285656572587092879e-03
5.749129796313713278e-03
2.496748592353568129e-03
1.913094385286214991e-03
2.203748735849828284e-03
2.898024477545181263e-03
2.493242046444819025e-03
2.008674013671543288e-03
1.743972280694703909e-03
2.301251800261148832e-03
2.932720850203802097e-03
6.278337977581148130e-03
4.848082792449723982e-03
4.038228794732796542e-03
4.267347521298299126e-03
4.871513491156373443e-03
6.066808924443814824e-03
1.794264156353003953e-03
1.634993289913890370e-03
1.577085569923000275e-03
3.329780928818096286e-03
2.361844675707185613e-03
1.831246523893085079e-03
1.419442956991897329e-03
2.475609230978662121e-03
3.050422683596757875e-03
5.164806867532175522e-03
5.605078914221101050e-03
4.020143814128020535e-03
5.226240815076371032e-03
5.393099951689140845e-03
6.042780244977871522e-03
2.253146403987566198e-03
1.423022643263850955e-03
1.429534411709296963e-03
3.131970852668502624e-03
1.781623615548381771e-03
1.149690134239754599e-03
1.609004848164143769e-03
1.481637147626853291e-03
4.600804700548279114e-03
4.355380139565967132e-03
4.250294081591473108e-03
4.666746691502447579e-03
4.421243174552109793e-03
6.212043932070175807e-03
3.456534151688362647e-03
1.507943429585014133e-03
1.213840784716048319e-03
1.610846731242875259e-03
3.419421085619867712e-03
2.037143151234523542e-03
1.472463824423809846e-03
1.492592061094462656e-03
5.129476972474840239e-03
5.133858248774934505e-03
3.830498836824459442e-03
4.416344432719969230e-03
3.927840011680654858e-03
5.383121411733585854e-03
5.639030762691179047e-03
3.531062898429379246e-03
2.072106991789023946e-03
1.941853739651553225e-03
1.612491864399076156e-03
3.294615047465404307e-03
2.661032845344156027e-03
2.833860880452130152e-03
2.233316585091241029e-03
4.360489180228980556e-03
4.346339087107498576e-03
4.129040692680574845e-03
4.503043201004195903e-03
4.491639566685765549e-03
5.044287601669359897e-03
4.664135101570155741e-03
3.268415998355508282e-03
2.812600946925543789e-03
3.159269910727815784e-03
3.855778312705126793e-03
3.472399741888339969e-03
3.291815698256927124e-03
3.370019309039186308e-03
4.118253632902805356e-03
4.643936448826871920e-03
4.589128092371771300e-03
4.474172588859872540e-03
5.316683575235710627e-03
5.323426596123009488e-03
4.116274460604221926e-03
3.734881251882945282e-03
5.322175343598931595e-03
2.298595943474417147e-03
4.354432702358132685e-03
4.541960746747225955e-03
