2.707221635015836465e-06
7.882140115422468394e-04
1.095577813794079789e-03
9.406976364213430301e-04
8.780777325834303359e-04
9.933112814906053245e-04
6.793112180124202251e-04
8.850944159955058442e-04
9.229644204424402709e-04
7.472897073967033283e-04
7.902461903995572140e-04
1.046420619422860823e-03
8.527307793959455718e-04
8.170013029333252682e-04
1.129018024812467047e-03
9.721356022055260620e-04
9.393458520207786499e-04
1.144796620671210399e-03
9.788522455589068662e-04
1.107785985914233520e-03
1.378833208461098091e-03
1.368247252078920841e-03
1.438167804478022570e-03
1.227250142164848512e-03
1.596949859913365842e-03
1.654857294367199482e-03
1.822733102562779008e-03
1.939269938338838897e-03
2.305656258855985370e-03
2.324915862724689312e-03
2.287928788913025889e-03
2.038291321726622574e-03
3.198985911573496918e-03
2.218186623698178202e-03
2.207121208205838677e-03
2.511262882277757579e-03
2.182656365099925819e-03
2.325860401439664837e-03
2.359512049345842757e-03
2.610488207331703239e-03
2.950054753576599256e-03
2.812057928046366936e-03
2.570308923410872821e-03
2.996156448322532563e-03
2.934349717694809991e-03
3.053333319257944822e-03
3.029412728695509305e-03
3.349777136099873955e-03
3.143723123624416436e-03
3.242884298257801400e-03
3.173514439792294705e-03
3.250764636444121967e-03
3.676134562435132928e-03
3.360160649269043100e-03
3.601579719058160389e-03
3.612142236913010954e-03
3.415910643767953742e-03
3.648508948632903960e-03
3.695408099398870497e-03
4.104830350358194130e-03
3.983790788697661074e-03
3.945018489806291669e-03
3.874338290127828620e-03
4.138489475735696033e-03
4.263344859282369725e-03
3.888320147598278882e-03
4.165987441956531603e-03
4.089752692501254575e-03
4.099179114564322109e-03
4.174707939334136239e-03
4.196728049525214922e-03
4.356887509008326199e-03
4.443893911229679361e-03
4.019819975292193356e-03
4.262785454920958381e-03
4.331516855017980561e-03
4.237960230633082762e-03
4.120728169194383915e-03
4.589209463665611458e-03
4.427919828594894733e-03
4.470981715227632068e-03
4.337360367086754397e-03
4.202598005940671663e-03
4.202840466314227905e-03
4.508958236813972488e-03
4.411203754474021278e-03
4.692661886171360132e-03
4.680368822785870540e-03
4.737795927940169523e-03
4.705577974649107799e-03
4.915418622840661382e-03
5.253368627988189675e-03
5.158911102504741206e-03
4.869456314312022895e-03
4.910245280188974167e-03
4.926288593196659349e-03
4.920714238081321662e-03
5.066618609998840665e-03
5.237202508093711899e-03
4.851278582342881049e-03
5.052275335098481250e-03
5.466076679052397046e-03
5.381534776218662580e-03
5.590182549106733137e-03
5.233408146462655529e-03
5.016433721721114125e-03
5.384356253610652308e-03
5.120906654580418237e-03
4.980755558547874523e-03
4.903323777277061521e-03
5.185486617544181158e-03
4.796021715204309109e-03
4.544232238428472757e-03
4.792396291122713592e-03
4.370857656491959446e-03
4.626608380446365319e-03
4.873909291685170862e-03
5.111777189813438045e-03
4.300789173854960984e-03
4.063491098834978200e-03
4.124471165171902411e-03
4.117286069231340662e-03
4.061538691106155764e-03
4.078201121956226416e-03
3.995336217182436471e-03
4.133136094969814059e-03
4.035073803849324042e-03
3.917452737186977348e-03
4.013871752249542624e-03
3.921173716965616236e-03
3.868828919075895188e-03
3.802383702516939044e-03
3.869803596110917357e-03
3.918129333881855553e-03
3.848931487785497204e-03
3.992879402358084744e-03
3.997977049948531203e-03
3.690129362318354464e-03
3.879325179635391939e-03
4.392600863927024514e-03
4.175323918449672968e-03
4.086833826780396535e-03
3.922787353682603666e-03
3.768338305114108874e-03
4.080933681689202612e-03
4.195605263642695169e-03
3.983531988584824469e-03
4.152084837915026756e-03
4.667016002440504789e-03
4.760484583251430382e-03
4.830512419781977755e-03
4.789789907711868369e-03
4.531121274946296566e-03
4.849656555416003920e-03
4.626623501826543708e-03
4.622029898079442131e-03
4.688433782818416523e-03
4.488461898654349733e-03
4.817209578989908349e-03
4.468369513294116226e-03
4.559017320207203912e-03
4.693587244522253073e-03
4.781710603613949402e-03
4.962644301425219416e-03
4.706035492684653397e-03
4.706211940780728568e-03
4.765761834520768764e-03
5.039087193896799911e-03
5.407977649641301267e-03
5.340904379772836927e-03
5.285698293058279165e-03
5.496564410835466132e-03
5.400687119254144256e-03
4.975248189778843505e-03
5.851349980427282375e-03
5.602272687610820867e-03
5.569120910028383699e-03
5.470584066582281045e-03
5.962882251575744690e-03
5.832451426370729303e-03
6.017002129131772577e-03
6.159676485458476583e-03
6.046391815834795472e-03
6.183688450740494960e-03
6.012412254858645437e-03
6.438376174143437512e-03
6.449980775626803359e-03
6.106410219407128366e-03
6.324080713975869898e-03
6.471162788996783627e-03
6.819345454186986726e-03
6.998832813163365606e-03
6.637204286380438308e-03
6.697686646915220615e-03
6.352426140559449055e-03
6.845654143520126834e-03
6.788938318641158168e-03
7.009120343718677412e-03
6.967359797757429786e-03
6.834815321538675187e-03
6.987208734244632069e-03
7.153530465317695791e-03
7.188737645655389127e-03
