0.000000000000000000e+00
1.596987796341866651e-04
1.977805220341342029e-04
2.296436815549373212e-04
2.523541574526294291e-04
3.126531653457465649e-04
3.361458939984547883e-04
3.701140588930882692e-04
4.163014216766018367e-04
4.789305215429824907e-04
5.389119556722974736e-04
5.978820365020636254e-04
6.621232287738814878e-04
7.442255675163449505e-04
8.843928632301669389e-04
1.060919857615051035e-03
1.212904509842722186e-03
1.382472269048368261e-03
1.529655662386500241e-03
1.683492058309011890e-03
1.839883424080413204e-03
1.998380072255640395e-03
2.125346415188436328e-03
2.262706323636357042e-03
2.437292812117803752e-03
2.605069126740540159e-03
2.756620097302245678e-03
2.914876129684619219e-03
3.065428976571701360e-03
3.258215139878260953e-03
3.456787972215258180e-03
3.696663330754682529e-03
3.960212304943640065e-03
4.103382386964004279e-03
4.256380880450570670e-03
4.385134238810709656e-03
4.520691797980602895e-03
4.629151244276810337e-03
4.766377518577407171e-03
4.874714543959647768e-03
4.996732311459102689e-03
5.054412775970031600e-03
5.061948146897196806e-03
5.046607690813800957e-03
5.038201268334156074e-03
5.060365098901896050e-03
5.097121266656870660e-03
5.159979636463786490e-03
5.204440812006908175e-03
5.263287413312689803e-03
5.312649241110695662e-03
5.358316829637490772e-03
5.438060489859185970e-03
5.575026771028247612e-03
5.720142533684192433e-03
5.818441539137067173e-03
5.833754954249437304e-03
5.848710200897867806e-03
5.889543303390215416e-03
5.967352126327599843e-03
6.065110050258226693e-03
6.144521402860135019e-03
6.223896824441657767e-03
6.296531728638775360e-03
6.319942562332397928e-03
6.333856816817042511e-03
6.357071197982449608e-03
6.357137477105675831e-03
6.398227078471822177e-03
6.431861885123479373e-03
6.489148923176161522e-03
6.515503852270562030e-03
6.577913360850853007e-03
6.612286252811305082e-03
6.644398824799532637e-03
6.693236363483672825e-03
6.752038554351337540e-03
6.783010174812020669e-03
6.802309290843818086e-03
6.833845455030209542e-03
6.857584109084931961e-03
6.887836412234960189e-03
6.904105244130136904e-03
6.925339170600469489e-03
6.965604392713304824e-03
7.008358008136581808e-03
7.033080206655405175e-03
7.071851302049023472e-03
7.108608899822381304e-03
7.146092090503468157e-03
7.191922010181654897e-03
7.218171333727371915e-03
7.256622961329245274e-03
7.281603253871033778e-03
7.283899214494392663e-03
7.306174153994618621e-03
7.337726782502248038e-03
7.395017746519484507e-03
7.472815057888343264e-03
7.591631259814697261e-03
7.805582608936633034e-03
8.006418035944372000e-03
8.193448438822966556e-03
8.349483754354042331e-03
8.523039661793456456e-03
8.697301054864468167e-03
8.862339035104745827e-03
8.970465316054486785e-03
9.067356891042937725e-03
9.161147750123275688e-03
9.272054762742749229e-03
9.277103815345499535e-03
9.283458894980407133e-03
9.261605921422196366e-03
9.232036294027542653e-03
9.188377264962029056e-03
9.153639832471400714e-03
9.133439294454620550e-03
