1.061350062994633608e-02
9.362178112743264891e-03
9.389091077876292671e-03
8.827375019190170438e-03
8.420779030391220554e-03
8.375754785108364617e-03
8.573396194536807291e-03
1.011481399695246877e-02
9.325514594882221633e-03
8.396149597178071203e-03
8.699761529974007687e-03
8.643897550212125205e-03
8.496136365111097224e-03
8.610887287216166877e-03
1.077773004880774876e-02
1.165676205340078313e-02
1.104421162054384717e-02
1.079010521456346718e-02
9.873119309165720447e-03
9.288227738086449192e-03
8.725699479297056860e-03
8.180668246064145069e-03
8.108974331832033769e-03
8.787012666905834671e-03
1.069673550536193000e-02
1.129345117941877620e-02
1.159685242810618022e-02
1.019303209515351645e-02
9.327571098179698525e-03
7.968917182475028851e-03
6.734108636195187611e-03
1.060587548161462217e-02
9.792442133618612862e-03
9.342092957537052877e-03
8.123690372932765649e-03
7.581372050789452789e-03
7.478790262998160493e-03
8.118883888158252154e-03
9.298188375088117449e-03
1.210109568279931110e-02
1.195707601510872208e-02
1.022166556232782450e-02
8.032614308985549373e-03
6.044123190311099549e-03
5.974717987740759892e-03
7.244180193391896484e-03
6.064047555486529531e-03
1.035462477702205411e-02
9.378511174503018771e-03
9.262592721162206388e-03
8.981822689963598824e-03
7.618754707529383323e-03
7.142112732438718123e-03
6.840710228277465353e-03
8.573591401326959710e-03
9.856005238716379277e-03
1.250869692382165950e-02
1.260665918195272989e-02
9.848123785035321764e-03
6.245385225757688584e-03
4.657483620715122119e-03
4.240793876460422114e-03
3.881390940524258922e-03
4.436129001679562332e-03
5.872484612262854863e-03
9.363723666233531029e-03
8.711294728820607666e-03
8.783005919875734591e-03
8.683839228825044471e-03
7.636834125397569395e-03
6.387850822154748399e-03
5.348152851970013749e-03
8.857611803558923871e-03
8.915141220914862483e-03
1.200885715957541663e-02
1.052114099877791802e-02
8.158133792892192579e-03
4.591733677104565745e-03
4.282029274351879453e-03
4.259071502266294218e-03
3.616621481033705041e-03
4.340154142513618675e-03
3.144485205096208495e-03
4.678413784920664245e-03
3.686623426817231281e-03
6.810464280641684819e-03
7.188534679806838322e-03
6.822255361130681942e-03
6.623690174418991189e-03
6.293734646070811914e-03
6.372235241835400195e-03
5.888409218040562866e-03
5.858131960602634691e-03
9.057127981115195917e-03
9.075670029526040558e-03
9.621732641342964007e-03
8.485989761538803577e-03
5.055406615626405892e-03
4.456535314941794182e-03
4.683581674649080553e-03
5.450650155781057785e-03
3.988123522534713951e-03
3.993566384759999512e-03
2.363995996193360687e-03
2.472528311723874890e-03
2.418048237845049110e-03
3.297608282606480368e-03
5.638393526107577866e-03
5.086933152150299384e-03
5.657680364230931874e-03
5.992561957593691389e-03
4.560072622183016129e-03
4.079794558554382736e-03
3.268693526417522019e-03
5.270355838840290637e-03
9.564907522872090340e-03
8.109101982218987203e-03
3.083753576640323874e-03
4.037761706952597979e-03
4.200956537916080216e-03
5.454633364533331003e-03
6.187186977960232662e-03
8.044269778450035061e-03
4.840423222789067524e-03
4.066360475085043988e-03
1.765442585919873263e-03
1.823779171869411263e-03
1.843541008183511567e-03
3.485818709231029277e-03
4.900079078467215257e-03
4.469729991535009023e-03
6.025244560787233403e-03
5.528596971752279543e-03
4.197011922754474017e-03
2.956644916054556021e-03
3.121367182140633197e-03
2.508768874962451212e-03
8.155783172696828842e-03
7.573780507022924956e-03
7.173587101456409612e-03
1.896141374175894538e-03
5.009271878730880631e-03
4.831276516335369225e-03
5.467663849708900674e-03
7.236497300840772154e-03
4.169961382335020221e-03
3.234137757286681923e-03
2.664116479582705806e-03
2.501514969172619150e-03
1.827237969737941859e-03
3.814655292968628653e-03
4.821483456229759372e-03
4.752964396976818752e-03
5.665445132023196918e-03
5.203539821303496647e-03
4.034422053876570054e-03
3.093522263027853863e-03
2.634629196787284695e-03
2.176212636217222419e-03
4.288655887278965302e-03
4.557288338635432680e-03
7.063070435463687964e-03
6.000790398733658708e-03
6.377207858149323491e-03
5.687653442861520005e-03
5.418825510078330646e-03
5.663062010248491249e-03
3.223548169737145037e-03
3.073027862583176638e-03
2.401969245619188075e-03
2.120488978354102393e-03
1.922404567190146149e-03
2.589429460339626957e-03
3.585832966965134001e-03
4.498349707889355217e-03
3.827945660736601415e-03
3.642978762292255635e-03
4.404654268617347150e-03
3.742222784686896966e-03
3.177349866067958988e-03
2.675090190338886339e-03
2.746064294824155858e-03
3.425285267501564437e-03
6.591826073541227210e-03
4.362197162709751004e-03
5.616899048495185148e-03
5.214188395288054702e-03
4.401148824707872866e-03
6.374283254213662826e-03
3.634157347871716948e-03
3.472171932995571884e-03
3.396022094066365217e-03
2.703072834696810308e-03
2.374311577591855463e-03
2.658359532765412845e-03
2.825285623765598064e-03
3.498577291808896168e-03
4.268378271894939478e-03
2.922617498848397669e-03
2.351265842631711754e-03
2.634919390587483253e-03
3.138600106714135429e-03
3.002421125390771894e-03
2.563666062966241631e-03
3.339101244711269612e-03
3.633885060326527954e-03
4.697287699870638517e-03
4.090419619233678743e-03
3.447300475288056238e-03
3.187584025307826831e-03
2.685917189179020011e-03
3.168358088306238215e-03
3.409890650369037327e-03
4.082708481415096152e-03
4.243456395500797527e-03
4.130302383801189373e-03
3.227309118640624922e-03
3.627578128066103521e-03
3.399976687032287264e-03
4.134525308164500000e-03
2.685655050484810676e-03
1.670288348223193144e-03
1.961431497613252278e-03
2.344786331562672462e-03
2.517032500167014353e-03
2.225761538592435553e-03
3.707884368881330696e-03
3.974568146138878280e-03
5.775419987296148867e-03
5.647114272844993080e-03
4.401401446942808382e-03
1.946145853361162152e-03
2.572809971999219080e-03
4.469794512507348216e-03
4.846104055690437021e-03
5.229178070232777184e-03
4.600690661976903142e-03
4.470943504849732991e-03
4.098867081989676295e-03
3.912071129149299366e-03
3.949761217049622616e-03
4.316102950123406647e-03
2.338046215916589170e-03
1.817075046316041741e-03
1.801239389736773505e-03
1.803425385348372562e-03
1.255750348317926290e-03
1.178905462562027584e-03
5.324337023736561494e-03
5.663927273540678847e-03
4.980117098380953608e-03
2.989845725281511154e-03
2.302580317719129036e-03
3.493358005949106452e-03
5.858307606412365733e-03
6.088822528569943701e-03
6.140016331100615551e-03
4.962624871503498389e-03
4.227718669858018981e-03
4.197191596978296947e-03
3.903869018590046085e-03
4.319242185960381689e-03
4.824909476279202331e-03
1.988560127062817626e-03
1.617848873138427734e-03
1.308544554700285731e-03
1.522640082038054970e-03
2.711053243127919867e-03
1.393498402972847758e-03
2.344122274889279007e-03
2.324083954158980784e-03
2.128920044307991595e-03
2.650273318591890581e-03
3.570579628704778716e-03
6.403146310407526257e-03
5.890387512439609376e-03
5.490357537706524668e-03
5.144548503745158090e-03
3.768627547611624537e-03
3.651334383225036777e-03
3.939564868618371241e-03
4.834033840856814465e-03
5.399115415195287343e-03
1.796765095096523402e-03
2.195605755609981048e-03
2.344704406746363125e-03
3.013642232517822241e-03
2.621922677509107898e-03
1.597619615495204926e-03
2.033173343387700751e-03
2.039525717086458721e-03
2.541878872345817129e-03
3.593604914031101917e-03
6.231470880651367172e-03
5.424773520829503579e-03
5.003518527531523007e-03
5.204536900776675530e-03
4.029628820717334747e-03
3.807044722202975687e-03
4.177391773752741483e-03
5.879745234624813958e-03
4.415518418743701393e-03
4.577136941853974031e-03
4.272366915355926137e-03
3.842459127338508553e-03
2.163902540706981893e-03
2.989614773068134928e-03
3.126480983633358416e-03
3.298269995188308872e-03
4.026045073691944705e-03
6.202872261460238776e-03
5.740888243623993789e-03
5.518953505335218168e-03
5.144404795936355877e-03
5.535949475400276515e-03
5.834408139936246747e-03
5.613109100831009148e-03
5.862607154995203018e-03
5.682935142076684688e-03
4.593850374892669876e-03
4.153488864392137180e-03
2.817560247761213225e-03
3.762514038421844922e-03
4.070971845807034271e-03
3.802274843141184059e-03
6.182191873726956312e-03
6.412251670677136112e-03
6.719374263627549658e-03
7.124857047683228091e-03
6.984039034173524299e-03
6.876088497307845764e-03
5.387629326447741784e-03
4.978278500148316035e-03
4.246045533918886040e-03
4.200166231415913311e-03
4.482641858561753692e-03
4.572012276246638710e-03
4.438228711339850530e-03
4.715966177666243951e-03
5.506851483961188072e-03
6.359068021746509813e-03
7.497918270296472822e-03
4.844757410602928277e-03
5.378804343231654086e-03
5.826463409841565674e-03
5.296014395337235968e-03
5.110001177684861916e-03
5.128247546963393688e-03
