0.000000000000000000e+00
6.917214788658404947e-05
1.256774881641894201e-04
2.249946429537362936e-04
4.020139315997213036e-04
6.004381470245726514e-04
7.541982055442333042e-04
8.807447130106732178e-04
1.084216278296930031e-03
1.266406780699583842e-03
1.457327655760769485e-03
1.619375148425467384e-03
1.796376705771825883e-03
1.987434971109822059e-03
2.232999576994314141e-03
2.492649418687589800e-03
2.722838118601451137e-03
2.973421722700372600e-03
3.163102736866206174e-03
3.339103511687677422e-03
3.507439904260327423e-03
3.638281400369656853e-03
3.690879675392436197e-03
3.789758848205533864e-03
3.895110257161278188e-03
4.016237248363503133e-03
4.188801038044507458e-03
4.323728824580950168e-03
4.500663805326136739e-03
4.716376355018241789e-03
4.923161249771719483e-03
5.117477243046956309e-03
5.331945029897254204e-03
5.499416695271776810e-03
5.708922212583818559e-03
5.851184544794130540e-03
6.041317024812150639e-03
6.170484642108471814e-03
6.308827751398758676e-03
6.451368767588503902e-03
6.631326001025762695e-03
6.723986996301642254e-03
6.790589738233100171e-03
6.891755125085266206e-03
7.001111722964760940e-03
7.057350045926441030e-03
7.139613234535683792e-03
7.189379847272641885e-03
7.222583483812270930e-03
7.291945158978977749e-03
7.345406633959655242e-03
7.390400728822322032e-03
7.436667188290163946e-03
7.524200355173784466e-03
7.610865721436238518e-03
7.698158226905915148e-03
7.794616457901830907e-03
7.922029881416979905e-03
8.016745754900312868e-03
8.089600321428646462e-03
8.169319728374663941e-03
8.246184286732365434e-03
8.279649587281197667e-03
8.272567179004512369e-03
8.246720567293433501e-03
8.201092486045639604e-03
8.161638687758160024e-03
8.087127525847800577e-03
8.023281904810908652e-03
7.986060513287847676e-03
8.013689839279469762e-03
8.017662228458097978e-03
8.059734544494649711e-03
8.076348734234095952e-03
8.130540964999851197e-03
8.146620519882758621e-03
8.205562876303274314e-03
8.232287446541400669e-03
8.293075152992634633e-03
8.353343581708532958e-03
8.417766063872874141e-03
8.469477837056258937e-03
8.543769829895148799e-03
8.619227433903678751e-03
8.690696282679584092e-03
8.755104405114335839e-03
8.799142596457721135e-03
8.880709352273823479e-03
8.983800390388364115e-03
9.040715831820986606e-03
9.137527666600111370e-03
9.242451175254998499e-03
9.302689286289085591e-03
9.386713503354467136e-03
9.477630317612248043e-03
9.538166705838768342e-03
9.613337366694207561e-03
9.663519536759892364e-03
9.702486507664835266e-03
9.774779846046077747e-03
9.849847489001159126e-03
9.966261235039665378e-03
1.006464552516974156e-02
1.020695497949230396e-02
1.033634577052207348e-02
1.049092991646224070e-02
1.067203157578043744e-02
1.085502606075278501e-02
1.101019407854008682e-02
1.116659782907855961e-02
1.129694621081346259e-02
1.134811581501164561e-02
1.136841041527035523e-02
1.139040633095374754e-02
1.144334765742586503e-02
1.148082301754574028e-02
1.150388549494787277e-02
1.151174630591078434e-02
