1.061350062994633608e-02
9.362178112743264891e-03
9.389091077876292671e-03
8.827375019190170438e-03
8.420779030391220554e-03
8.375754785108364617e-03
8.573396194536807291e-03
1.011481399695246877e-02
9.325514594882221633e-03
8.950166862016007904e-03
9.197697943171202067e-03
8.797272392627546872e-03
8.736263463368355159e-03
8.939236560362880807e-03
1.137334757910694188e-02
1.165676205340078313e-02
1.104421162054384717e-02
1.079010521456346718e-02
1.042832543094784556e-02
9.876393713057041168e-03
9.340356593414887720e-03
8.589879704355183471e-03
8.198625842204033259e-03
8.555855815125218422e-03
1.058987693040300271e-02
1.194058766320221440e-02
1.318416456392003389e-02
1.128481005878834847e-02
9.327571098179698525e-03
7.968918372525722257e-03
6.734108636195187611e-03
1.060587548161462217e-02
1.030479930341243744e-02
9.870086086250968310e-03
9.299708514521687688e-03
8.678318127610926136e-03
7.795435092333010026e-03
8.149782022050881466e-03
1.086354162544012070e-02
1.388221652389077902e-02
1.400587587396345986e-02
1.221265783336139901e-02
9.464104421105299161e-03
6.668978725028248261e-03
6.425121840547328572e-03
7.244180193391896484e-03
6.064047555486529531e-03
1.035462477702205411e-02
1.009428071773658432e-02
1.003023832089315094e-02
9.733701251068357929e-03
8.867189382850113738e-03
8.524596817412619099e-03
7.896946364287601994e-03
1.090897230620859089e-02
1.221281114050139747e-02
1.536627673401923418e-02
1.557206401554078398e-02
1.323311196411249523e-02
8.730567792446304598e-03
7.491283345882685830e-03
7.153275315215716114e-03
5.856619469063766535e-03
5.774391120520688293e-03
5.872484612262854863e-03
9.363723666233531029e-03
9.455025701199546925e-03
9.383744528611837749e-03
9.292575704344248691e-03
8.339731117426339019e-03
7.625633298214209120e-03
7.351531086773690354e-03
1.169329226585262907e-02
1.302300727042227449e-02
1.525917200576829696e-02
1.508883103704616695e-02
1.240053280627639171e-02
8.576566046616851749e-03
7.845486358145520658e-03
8.555353773063269565e-03
6.201915592902292919e-03
6.061540466685921488e-03
5.401483571188429346e-03
4.678413784920664245e-03
3.686623426817231281e-03
6.810464280641684819e-03
7.623776604058378481e-03
7.590494544829352354e-03
7.446823531161930396e-03
6.936659957519021938e-03
7.063882567493592543e-03
6.512106080555309963e-03
6.925851730156248193e-03
1.171982504222226357e-02
1.187708692120040960e-02
1.479804580557649366e-02
1.394992042332887650e-02
1.044670190668064991e-02
9.162714358584924529e-03
1.029220535972360899e-02
1.059073345416020225e-02
7.695395969075418709e-03
7.091270980693526599e-03
5.158374283336482173e-03
4.530013578359858538e-03
3.670667740121736321e-03
3.297608282606480368e-03
5.638393526107577866e-03
5.558588905102115375e-03
6.451541873610625553e-03
6.608504675707574383e-03
5.301426006954605002e-03
4.403574060711820497e-03
4.025789088238094018e-03
6.612378709270792625e-03
1.252224533502959564e-02
1.085096156477170434e-02
1.410633554757114924e-02
1.327361551732992966e-02
9.975924959674604270e-03
1.126976765029258712e-02
1.239060785599700037e-02
1.300730285041381412e-02
9.394984716012820536e-03
7.844107975330898846e-03
5.385207517419831301e-03
4.424839501537509295e-03
3.537209104683439794e-03
3.485818709231029277e-03
4.900079078467215257e-03
5.059049275340669893e-03
6.628069126883805867e-03
6.358258252553010068e-03
4.982860837826284459e-03
3.575667896765773440e-03
4.086845112427816597e-03
4.419340657354411256e-03
1.308779895179352538e-02
1.117597377298683997e-02
1.277127777279543977e-02
1.335352308105014311e-02
1.115045194283238207e-02
1.087335170487383970e-02
1.155111003939409547e-02
1.259405819760335554e-02
8.742014980101483687e-03
7.709452140508062101e-03
6.182101097399905591e-03
5.435325947227113985e-03
3.836517537928233867e-03
3.814655292968628653e-03
4.821483456229759372e-03
4.803390415795779148e-03
6.199769691516787348e-03
5.739352492205166897e-03
4.464543787604671223e-03
3.739652255455316182e-03
3.765975756539126449e-03
3.849615674402754369e-03
7.148731618298817710e-03
8.697155002757148493e-03
1.041573780920293339e-02
1.126849339481727358e-02
1.138010974232279114e-02
1.108797542085886850e-02
1.046833504036747721e-02
1.148342380598108524e-02
8.307918270860435717e-03
7.789200897944175209e-03
6.627966018425205698e-03
5.351928915133920620e-03
4.605928877905263695e-03
3.885150697650545815e-03
3.585832966965134001e-03
4.498349707889355217e-03
4.196945199016797502e-03
4.286208126883385428e-03
4.933372739765603913e-03
4.293094925834971091e-03
3.973769465998067650e-03
3.774448471554254971e-03
4.365531711886494817e-03
6.102071790877035447e-03
8.325225129029003093e-03
7.616557918836252238e-03
9.210464750787527438e-03
9.800150071495702248e-03
8.831641738898894645e-03
8.995455674929701828e-03
7.397284367224359058e-03
7.468906081265816975e-03
6.693068007796497756e-03
6.158759754340527304e-03
6.030900451212616378e-03
5.203567618914580264e-03
4.216658077755217060e-03
3.498577291808896168e-03
4.268378271894939478e-03
3.309351912999557339e-03
2.746251317025241029e-03
3.389701989116305093e-03
4.063534503013400620e-03
3.739897651061163154e-03
3.769982069478196481e-03
4.969465814657130116e-03
5.749455432139210370e-03
6.759275350782831086e-03
6.976548112707875969e-03
6.433775861573926870e-03
6.283266715738937760e-03
5.893376881061358936e-03
6.020750020363297046e-03
6.202970001002047762e-03
6.761576751468039749e-03
6.752494351654234755e-03
6.670794331358145639e-03
6.797344313334610297e-03
6.166237359077243393e-03
4.099975371638597127e-03
4.134525308164500000e-03
2.685655050484810676e-03
2.122239115000781190e-03
2.511134355376332464e-03
3.257605847034413752e-03
3.123356139887187646e-03
2.796042394840111012e-03
5.029553326509766248e-03
5.653568417212720409e-03
5.934053282174518891e-03
5.989371309593572411e-03
5.775935671655303694e-03
4.773391351514196315e-03
5.255955655198796782e-03
7.124112780853095878e-03
7.530764270656726753e-03
7.732882416980751093e-03
7.086924056254200605e-03
6.843068952656398106e-03
7.011922707749625693e-03
6.217401664135820127e-03
4.308260598425137956e-03
4.316102950123406647e-03
2.338046215916589170e-03
2.166978146691443674e-03
2.357423337081731435e-03
2.306643944486218116e-03
2.176931277864565129e-03
1.836613483600697209e-03
5.381780771254483092e-03
5.528107972152657840e-03
4.772222127323433490e-03
3.857653868242593223e-03
3.584707929294998503e-03
5.111721233796264960e-03
7.944713779024668507e-03
8.316466691844576209e-03
8.107980393599403812e-03
7.120412371863248102e-03
6.977861597186932850e-03
6.477182004916466271e-03
5.893259987992755834e-03
4.703966190375514361e-03
4.824909476279202331e-03
1.988560127062817626e-03
2.020326924462944804e-03
1.912943000700009126e-03
2.380899477244939003e-03
3.334396723973548967e-03
2.612265347803043210e-03
3.552886436425023182e-03
3.737309687155283052e-03
3.737694927159760164e-03
4.033317868361028721e-03
5.221929973370190159e-03
8.056321634686062355e-03
7.826037447449703255e-03
7.230413465965855081e-03
6.286069660021339697e-03
6.230991752028970307e-03
6.261089911400261748e-03
5.832722229030677490e-03
5.275660525944273101e-03
5.399115415195287343e-03
1.796765095096523402e-03
2.195605755609981048e-03
3.229886711717156952e-03
4.323507734116608520e-03
4.151993068092960613e-03
3.147660809868978345e-03
3.556686713975870055e-03
3.872016938087546271e-03
4.429785179574105905e-03
5.703091262287254826e-03
7.743116541197365976e-03
7.162071615003712775e-03
6.660616522560180303e-03
5.685054018335826929e-03
5.406984570041551384e-03
5.053650982425374368e-03
5.516468373648190579e-03
5.879745234624813958e-03
4.415518418743701393e-03
5.115787139541264072e-03
4.987949598185970577e-03
4.580884773315766802e-03
3.494074051189473024e-03
3.955555606191441149e-03
4.230728092745451516e-03
4.668779406791268710e-03
5.968672988967874994e-03
7.424281008336377184e-03
6.667783422695504510e-03
6.635387286038721757e-03
6.138272942596320614e-03
6.079977090170575298e-03
5.834408139936246747e-03
5.613109100831009148e-03
5.862607154995203018e-03
5.682935142076684688e-03
5.391559854615479708e-03
4.787396896093831268e-03
3.664816983273032000e-03
4.387086221821985370e-03
4.617607684695493146e-03
4.675015195478069742e-03
6.468711292639501426e-03
6.682003886484288481e-03
7.071100775215585603e-03
7.124857047683228091e-03
6.984039034173524299e-03
6.876088497307845764e-03
5.387629326447741784e-03
5.101192744559277133e-03
4.781921643525030748e-03
4.577338146992912006e-03
4.742188215891088472e-03
4.840630797720592987e-03
4.721477318464352077e-03
4.715966177666243951e-03
5.506851483961188072e-03
6.359068021746509813e-03
7.497918270296472822e-03
4.844757410602928277e-03
5.378804343231654086e-03
5.826463409841565674e-03
5.296014395337235968e-03
5.110001177684861916e-03
5.128247546963393688e-03
