1.061350062994633608e-02
9.362178112743264891e-03
9.389091077876292671e-03
8.827375019190170438e-03
8.420779030391220554e-03
8.375754785108364617e-03
8.573396194536807291e-03
1.011481399695246877e-02
9.325514594882221633e-03
8.436378249424999337e-03
8.812846110786422618e-03
8.817959750481581607e-03
8.373811627911814659e-03
8.600716242345712512e-03
1.084976047829930117e-02
1.165676205340078313e-02
1.104421162054384717e-02
1.079010521456346718e-02
1.012020367118766744e-02
9.395913947057925666e-03
8.881292937291880227e-03
8.242591410496477589e-03
8.212380024399293377e-03
8.449926885571015789e-03
1.051249787984889425e-02
1.126643120295415558e-02
1.161946216598153114e-02
1.030175881341920639e-02
9.327571098179698525e-03
7.968917893545732906e-03
6.734108636195187611e-03
1.060587548161462217e-02
9.964153107445118673e-03
9.487951695287630965e-03
8.332929116184427734e-03
7.779967166104559406e-03
7.655283404608904246e-03
7.846241406464980056e-03
9.023604969793961456e-03
1.212321257344999535e-02
1.203132052590154960e-02
1.039585874167318381e-02
7.842053426491290072e-03
6.450431822563355497e-03
6.369167613260195461e-03
7.244180193391896484e-03
6.064047555486529531e-03
1.035462477702205411e-02
9.705166506060099521e-03
9.376354184064824085e-03
9.071492590010166168e-03
7.701451085129026874e-03
7.229765861342518987e-03
6.871427314640101564e-03
8.822454297441547494e-03
9.999257622886512445e-03
1.277679395940849345e-02
1.261219962981482111e-02
9.910962270608298513e-03
6.706326584315905857e-03
5.170526608739144971e-03
5.066180963787423989e-03
4.390633254611896359e-03
4.930939588506343119e-03
5.872484612262854863e-03
9.363723666233531029e-03
8.985750787591530869e-03
9.002980207866531984e-03
8.732088020671222375e-03
7.644509454652414528e-03
6.315597980204275437e-03
5.542468050715781448e-03
9.138013544034654517e-03
9.231164416108848803e-03
1.214227492337004687e-02
1.106196697169946341e-02
7.952107208577710584e-03
4.783787788656516243e-03
4.616216641467980539e-03
4.653480255155492858e-03
4.199441127731638572e-03
4.602511713312843790e-03
3.824014295587095311e-03
4.678413784920664245e-03
3.686623426817231281e-03
6.810464280641684819e-03
7.451768490975185961e-03
7.112483162496049775e-03
6.817012851647400937e-03
6.409750730430675662e-03
6.341669645349858053e-03
5.716486960270647510e-03
5.591378018449423559e-03
9.333912180578810350e-03
9.149473823480686399e-03
9.826520844599452922e-03
8.782440342672042516e-03
5.208169881124206924e-03
4.299333531427260505e-03
5.062099585903540554e-03
6.117361906513382568e-03
4.712450771860905024e-03
4.839749627951848467e-03
2.608428322473320057e-03
2.892918087605197367e-03
2.882225723084756979e-03
3.297608282606480368e-03
5.638393526107577866e-03
5.304527263772689308e-03
5.931999502798258189e-03
6.202887585860187430e-03
4.613608263938103957e-03
3.997642041768057798e-03
2.915569281173964553e-03
5.168954952288482355e-03
9.477567310460795202e-03
7.753520268725894692e-03
3.083753576640323874e-03
4.037761706952597979e-03
4.478205237103531113e-03
5.960828854290026353e-03
6.645925221688477047e-03
8.671857589772917832e-03
5.707031707831863865e-03
5.104354566941827001e-03
2.234621083963725732e-03
2.525214547828092369e-03
2.335148973990295099e-03
3.485818709231029277e-03
4.900079078467215257e-03
4.692290514960127494e-03
6.190533718188940410e-03
5.709530817250074025e-03
4.239828957213183890e-03
2.871695858568458146e-03
3.223818995184817623e-03
2.497284389022043100e-03
8.326632215373091367e-03
7.475786548407780015e-03
7.173587101456409612e-03
1.896141374175894538e-03
4.411835629903411785e-03
4.783796799005111955e-03
5.959956770712485780e-03
7.656188484407582158e-03
5.056792171671986580e-03
4.222407818661402627e-03
3.114567722304392456e-03
3.352380262971934449e-03
2.328251141233969330e-03
3.814655292968628653e-03
4.821483456229759372e-03
4.870746174227382971e-03
5.871356622773712258e-03
5.376792323412531160e-03
4.078122455689866914e-03
3.047681176813982293e-03
2.698008413031949791e-03
2.249587406167539647e-03
4.635279958720429395e-03
5.123027004459399479e-03
6.589207896899621116e-03
5.829437200761384760e-03
5.750263738865230533e-03
5.244804330917974926e-03
5.463320891899688461e-03
5.860358577515630343e-03
3.863955690067703581e-03
3.974195530290825819e-03
3.455515043273315635e-03
3.192068267045384666e-03
2.839362659191681064e-03
2.946591209935939867e-03
3.585832966965134001e-03
4.498349707889355217e-03
4.005615094329340910e-03
3.868379661718667623e-03
4.510311946525412223e-03
3.798685810070927000e-03
3.218815583041158626e-03
2.671850687366421079e-03
2.841260962945929992e-03
3.936171137049036643e-03
6.526262041623309522e-03
4.309280341396392461e-03
5.531218631974406039e-03
5.225972348976568732e-03
3.772688076053982726e-03
5.194986585855199818e-03
3.542679050242749164e-03
3.666788288313200823e-03
3.555227962906582807e-03
3.361647317217568345e-03
3.703022217851574278e-03
3.676651724440566527e-03
3.288650427455619245e-03
3.498577291808896168e-03
4.268378271894939478e-03
3.000372626139956138e-03
2.400029592721138801e-03
2.963259879310252420e-03
3.359070395008992554e-03
3.150662265212859307e-03
2.591183156532756316e-03
3.332706720773446520e-03
3.871488132340423095e-03
5.212508284060632033e-03
4.484072939287555258e-03
3.166403499100420640e-03
2.618809706892549858e-03
1.812212548876710036e-03
2.811528260127041639e-03
3.446856940804459823e-03
4.108638183008563559e-03
4.572733680291448874e-03
4.877336836277933532e-03
4.878249342979515749e-03
4.779924970057050811e-03
3.793529945157342060e-03
4.134525308164500000e-03
2.685655050484810676e-03
1.810146479914754095e-03
2.176232856966681378e-03
2.616730218721648269e-03
2.764435579716149199e-03
2.343909972805087710e-03
3.414798875228833557e-03
4.264131709301875912e-03
5.749178908260191637e-03
5.393718716577958032e-03
3.848596483910993009e-03
1.433118995302751393e-03
2.344928812324385305e-03
4.591892981437213812e-03
5.268816136699801603e-03
5.721954182895310458e-03
5.494103250014832802e-03
5.413952528230719236e-03
5.374550093281067406e-03
4.804063083256705259e-03
4.176269048603914978e-03
4.316102950123406647e-03
2.338046215916589170e-03
1.994639611408366951e-03
2.038945696490295900e-03
2.084800697294837257e-03
1.570163420953993088e-03
1.375036385162907047e-03
5.233201482412168197e-03
5.463350264323970328e-03
4.821745789278361963e-03
2.464395355812068911e-03
1.586807497098284168e-03
3.269059489327246198e-03
6.191053442554390884e-03
6.679452919712984375e-03
6.663670128021957628e-03
6.005911251245919097e-03
5.654950973467301294e-03
5.115204822208921538e-03
4.700682552184088682e-03
4.582522610612845340e-03
4.824909476279202331e-03
1.988560127062817626e-03
1.830612372417571082e-03
1.547787638412693708e-03
1.788615264882475672e-03
3.021456830014111750e-03
1.643507070523702544e-03
2.164205915089380781e-03
2.042381227079589304e-03
1.995156617772023740e-03
2.148592209254028551e-03
3.779339490130827900e-03
7.236854931915778950e-03
6.779345665501935667e-03
6.294493255663221459e-03
5.541229561381673732e-03
5.071235023502071275e-03
4.843411493604466052e-03
4.800262395292520523e-03
5.016684674231683058e-03
5.399115415195287343e-03
1.796765095096523402e-03
2.195605755609981048e-03
2.648526171253899521e-03
3.432827397896829474e-03
3.055737914233389724e-03
1.586507997964903445e-03
1.761090554991515946e-03
1.722802151531233582e-03
2.524112730081808607e-03
4.106226101935983239e-03
7.178916857070762915e-03
6.385128915515112837e-03
6.053907481037964534e-03
5.465719675234818539e-03
5.130495986569736169e-03
4.416254088598288094e-03
4.766074877421734579e-03
5.879745234624813958e-03
4.415518418743701393e-03
4.795069036752743104e-03
4.570156894229604992e-03
4.178141725202233134e-03
2.138987294066760705e-03
2.958156969556111592e-03
3.190844426310416194e-03
3.763804673927567766e-03
4.621774313371565177e-03
7.003721043120248770e-03
6.436245888372946547e-03
6.228981109462299222e-03
5.895169325551744000e-03
5.974000075169034335e-03
5.834408139936246747e-03
5.613109100831009148e-03
5.862607154995203018e-03
5.682935142076684688e-03
4.954980344953552156e-03
4.416030715219676495e-03
3.131926569779861468e-03
3.786952568265467348e-03
4.103431918153191763e-03
4.162290795524683368e-03
6.409112268356385519e-03
6.585765518770963188e-03
6.889482451034552313e-03
7.124857047683228091e-03
6.984039034173524299e-03
6.876088497307845764e-03
5.387629326447741784e-03
5.057431926400305679e-03
4.519367422582976253e-03
4.409724878545818842e-03
4.601222754483726661e-03
4.695336200233738051e-03
4.610351985813733976e-03
4.715966177666243951e-03
5.506851483961188072e-03
6.359068021746509813e-03
7.497918270296472822e-03
4.844757410602928277e-03
5.378804343231654086e-03
5.826463409841565674e-03
5.296014395337235968e-03
5.110001177684861916e-03
5.128247546963393688e-03
