0.000000000000000000e+00
1.222588521734163669e-04
1.622699645191334674e-04
1.939914444188490996e-04
2.331284615201152915e-04
2.937415652692949462e-04
3.250445009865055631e-04
3.680427665434156674e-04
4.204556842461019701e-04
4.982124053891185886e-04
5.723827935175852680e-04
6.466577965772882068e-04
7.216068514381554022e-04
8.191107805325226849e-04
9.977257889230474203e-04
1.202099176371957063e-03
1.376791020029695389e-03
1.564459291225882634e-03
1.699220928426727626e-03
1.838988557299399938e-03
1.979894843546274770e-03
2.135029678576192292e-03
2.245460994188384733e-03
2.396677792467539342e-03
2.588365228844829394e-03
2.783738665077661358e-03
2.961622563837398338e-03
3.143633474029156483e-03
3.335487182513374466e-03
3.554820294251756409e-03
3.775005500536845592e-03
3.988275315308804567e-03
4.192529569405744304e-03
4.331412758226921116e-03
4.471711835102378484e-03
4.584179658132628982e-03
4.704635399634596662e-03
4.807865015512409641e-03
4.902738899294616440e-03
4.961548796823133170e-03
5.086044710743021363e-03
5.169329854851085169e-03
5.183805604017040040e-03
5.206954511265195727e-03
5.210366809938702173e-03
5.237866060667130917e-03
5.302200418293654023e-03
5.426564228275373471e-03
5.522550683168844614e-03
5.610528840762348673e-03
5.705670651229735428e-03
5.766277420086968024e-03
5.848026701955702858e-03
5.944181609485330899e-03
6.038927230428658283e-03
6.112610834286730070e-03
6.126323410265693305e-03
6.199742905560067310e-03
6.270985189797195943e-03
6.333397971513017762e-03
6.411352416135145810e-03
6.497023581666336832e-03
6.556357551953519852e-03
6.596101833481994407e-03
6.613539911514876475e-03
6.632687266459072646e-03
6.664071279248736691e-03
6.674733291742734539e-03
6.692076910743101521e-03
6.711603112882752638e-03
6.778359682984642226e-03
6.798339174816521099e-03
6.836983976563192761e-03
6.841024489278487754e-03
6.889974125630848704e-03
6.951683116845930668e-03
7.032086070153284116e-03
7.069624106375628839e-03
7.138663761708457546e-03
7.205177577053217819e-03
7.262494985747483187e-03
7.304398063051744522e-03
7.365533101975237779e-03
7.411122516275319393e-03
7.458548259840416285e-03
7.486538362141361216e-03
7.490676151315584994e-03
7.514527403699681335e-03
7.533762119059790943e-03
7.550037933908932720e-03
7.582992705873289711e-03
7.616211219028209967e-03
7.644675052719760930e-03
7.657186932610575425e-03
7.645412673830822604e-03
7.674165521500814040e-03
7.717683912787102335e-03
7.794516855143626514e-03
7.873633379754262432e-03
7.938182969636487646e-03
7.997963674103535439e-03
8.062527727000496150e-03
8.142846836521151418e-03
8.237286718296630422e-03
8.425321750611804855e-03
8.601099581540637765e-03
8.754981456400729931e-03
8.886140078739744597e-03
9.005412462718742628e-03
9.104103508978098058e-03
9.192294983765988969e-03
9.165565358326320522e-03
9.138554513779597113e-03
9.124646426463531301e-03
9.107346380538916888e-03
9.055259186425246298e-03
8.999570577784077666e-03
9.016680246521451697e-03
