CLUSTEROFFSETS 163
18
41
86
148
163
214
240
279
325
377
390
437
467
509
544
574
596
631
660
710
754
777
815
866
928
960
1010
1035
1063
1084
1109
1142
1158
1174
1211
1226
1266
1309
1344
1373
1392
1417
1471
1503
1544
1567
1587
1608
1632
1668
1710
1732
1766
1791
1831
1873
1885
1907
1926
1948
1977
1994
2017
2042
2086
2119
2144
2170
2191
2233
2264
2307
2333
2383
2428
2446
2470
2493
2527
2569
2605
2645
2681
2703
2725
2771
2820
2853
2876
2891
2920
2957
2994
3056
3101
3114
3143
3185
3226
3252
3279
3313
3335
3360
3375
3390
3419
3460
3494
3528
3554
3593
3606
3638
3653
3672
3683
3727
3749
3768
3803
3819
3837
3888
3903
3925
3953
3994
4010
4031
4059
4079
4110
4123
4154
4176
4201
4220
4260
4280
4308
4322
4331
4343
4367
4392
4430
4445
4471
4488
4501
4521
4557
4587
4610
4637
4663
4680
4697
4716
4740
4755
4776
CLUSTEINDICES 4776
1819
2065
1761
2074
2174
1803
1847
1766
2427
2061
1934
2420
2425
2154
1849
2402
1825
1785
2390
1315
1316
1714
1317
2421
1334
1552
2415
1335
2322
2422
2426
1351
1352
2381
1582
2195
2418
1368
2179
1369
2094
2367
2346
1661
1461
2047
1462
2391
2205
1463
2347
1583
2100
1475
2328
2393
1476
1489
2372
1833
2233
1604
1477
1478
1850
2417
1490
2256
2300
2379
2341
2238
1491
1492
1503
1603
2424
1834
2110
1504
1505
1602
1835
1516
1836
1517
1843
1635
766
1842
765
1841
1
1634
2385
0
2189
1701
1633
764
784
19
783
18
782
17
781
1572
2387
1814
801
1737
1982
800
36
2333
799
35
2416
2080
2423
798
1632
34
1715
817
53
2102
52
816
2215
51
1716
1631
815
834
70
1543
833
69
832
1630
1717
1899
87
851
850
86
2027
192
191
212
2365
2026
211
2419
2378
1564
232
2304
252
2045
1754
1682
1670
777
1556
776
2412
1549
1648
2413
775
1644
1646
774
1643
1647
2009
794
29
793
2246
28
792
2329
2037
2414
791
27
1550
811
810
46
2330
45
809
2098
2066
2285
808
44
1544
1939
2014
63
827
826
62
825
61
1757
1762
79
2410
1778
1119
1673
1118
2106
2312
2409
2133
1138
1779
1139
2286
1674
1574
1948
2411
1158
1675
1159
1780
2146
1178
1660
1179
1781
2057
1184
1183
1182
1894
1925
1205
1204
1202
1203
2078
2236
1220
1221
1222
1224
1223
1854
2242
2408
2323
1947
1241
1243
1242
1244
1245
2024
1262
1263
1264
1265
2119
2263
2277
1282
1283
1284
2132
2223
1642
773
1763
2161
1641
2202
772
790
1769
1640
2158
771
2066
1639
1768
770
25
789
2407
788
807
2191
787
1554
1917
806
42
1565
2234
41
805
824
1832
804
1784
823
59
2075
58
822
821
2087
840
75
839
2283
38
37
801
800
36
1804
55
819
2080
54
818
817
53
73
837
2102
72
836
835
71
2215
834
70
854
90
1543
69
2406
89
853
88
852
1899
87
851
2212
86
871
107
870
106
869
105
104
868
124
123
887
122
886
121
1787
1798
2000
2338
1963
2264
2190
2405
1811
1978
1954
1816
1794
175
174
1772
1624
196
195
194
1724
1623
1694
2077
216
2182
979
215
1844
978
214
1725
1692
1622
2404
237
1000
236
999
235
234
998
1726
1690
1621
1745
2126
2291
2166
257
256
255
1019
1976
254
1620
1756
277
276
1964
1888
1291
1292
2274
2374
2013
2219
1310
2042
1311
1312
2046
2403
1329
565
1330
1331
2217
2326
2221
2170
1571
2398
1347
1348
1349
2096
1993
2036
2123
1756
1039
1038
1619
1728
1061
1060
1729
1059
1618
2282
1950
2213
2392
1082
1081
1080
2342
2301
1573
2370
2401
1102
1101
1100
2357
1877
1972
1617
2364
2376
2084
1121
1120
1971
1875
1616
2258
1970
1140
1615
1141
658
659
660
661
1897
2399
673
2222
674
2373
675
687
676
1789
688
689
1828
690
2400
691
701
1792
702
703
704
1994
2172
716
2260
717
705
718
2128
731
1923
1092
1091
2174
1113
1112
1111
2061
2396
2420
2425
2154
1132
1133
1130
1131
2397
2402
2160
2003
1150
1151
1152
1153
2159
1542
1170
1171
1172
1173
1191
292
291
290
289
1958
1913
2163
313
312
310
311
2395
333
332
331
330
2114
353
352
351
1896
1887
969
2188
1942
1770
991
2023
988
989
990
987
1800
2162
1012
1011
1010
1009
1008
1786
1007
1940
2394
2131
1032
1031
1030
2044
2099
1029
1028
2270
2255
1052
1051
1050
2083
1908
484
485
486
2207
2204
503
504
2377
505
506
2288
2389
2025
523
524
2035
525
526
1986
2274
2269
544
545
546
1853
563
564
1960
685
686
687
1789
698
1828
699
700
2100
2247
701
702
712
2048
713
1994
714
2172
715
1850
716
726
2388
2341
2267
2238
727
728
1603
1656
729
730
2110
740
2064
2252
2284
741
1809
742
1602
1666
1836
1601
1657
1700
1837
1600
1699
1599
237
236
235
1745
2126
257
256
258
255
1976
278
1756
277
279
1946
276
1964
2069
1533
2134
2386
299
300
298
297
1742
2282
1922
2071
1827
1945
1852
319
320
318
1848
2251
2220
2177
1873
339
338
2141
2135
913
2152
912
932
167
931
166
930
929
1883
2384
1771
952
951
950
949
2063
972
971
970
2103
969
2188
1054
1973
2083
1076
1074
1075
1073
2320
1829
2019
2319
1096
1095
1094
1093
1568
2318
2383
2248
1996
1803
1117
1116
1115
1766
1114
1113
2130
1540
2355
2310
1136
1134
1569
1135
2194
2345
1155
1970
1140
1615
1142
1141
1895
1614
1878
1969
1160
1161
1162
2358
2210
1613
1968
1180
1879
1181
1182
2359
1894
2382
1925
1200
1967
2293
1612
2343
1201
1202
1203
2321
2353
1575
2356
2344
1219
1220
1221
2295
1222
2331
2242
1861
1239
1611
1240
1241
1242
2015
1402
1869
1687
2314
1403
1404
1405
1824
1870
1417
1686
1890
1418
1419
2137
1420
1421
1857
1691
1871
1432
1433
1434
1435
2380
1436
2275
1872
1693
1736
1447
2332
2280
1448
1449
1450
2367
1451
2011
2346
2206
1661
2281
1461
2047
1462
2125
2391
2205
1463
2347
1464
1583
2100
1475
2328
2393
1476
2372
2233
1477
1850
2339
2184
1027
1998
1026
1049
1048
1047
1046
1984
1914
1071
1070
1069
1068
2375
2049
1091
1090
1088
1089
2029
1820
1898
1111
1108
1109
1110
2018
1955
1129
1130
814
1929
2089
813
1924
2246
812
1567
2208
1930
1587
831
2350
830
2352
2200
829
2214
828
2145
1939
848
1931
1588
1916
1531
1546
83
847
2371
846
82
845
81
1551
1589
1932
865
1566
2298
2010
864
863
99
862
98
882
1793
881
880
1806
392
1981
411
412
413
1880
1758
1953
431
432
430
433
2303
2369
2287
452
450
451
453
1798
2000
469
471
470
1853
563
564
565
1960
2079
2217
581
2326
582
2201
583
1826
2368
598
2096
1993
599
600
614
615
2197
616
617
631
1952
1919
632
231
230
229
252
2050
251
2045
250
249
2366
272
271
270
269
1799
2186
293
292
291
1958
1913
2261
384
385
386
2034
1977
403
404
405
406
407
2363
2002
423
424
425
426
1831
443
444
445
446
2226
1949
463
1360
2201
1361
2051
1362
1807
1376
1377
1378
2101
1379
2105
1392
2167
1393
2325
2086
2362
1394
1395
1884
1919
1408
1409
2228
1410
1411
2016
1423
1424
1425
1897
1900
1591
935
1893
956
1592
2027
955
954
2107
1773
2361
1593
2026
976
975
2072
2304
2045
2020
1689
1754
2360
1799
2186
1753
1680
2266
1913
1681
1752
1961
2117
1858
1189
1190
2090
1995
1528
2203
1988
1208
1209
1210
1211
2226
2111
1227
1228
1229
2058
1230
2354
1908
2164
1248
1249
1250
1251
2207
2171
2204
2337
1268
2377
2245
1269
1270
2025
1289
1747
435
454
2313
473
1659
474
2351
1918
494
2250
1562
1645
2092
514
1897
1900
1438
1439
1440
1452
2062
1453
1454
2108
2235
1455
1792
1466
1467
1468
2048
2349
1480
1481
1469
2267
1482
2004
1810
2128
1494
2278
1483
1495
1989
1496
2064
2252
2316
2243
2348
1497
1508
1509
1848
2220
1103
1104
1105
1102
1808
2249
1126
1125
1124
1123
1122
2294
1933
2088
1146
1145
1144
1143
1142
1141
2054
2169
1895
2340
2001
1165
1164
1161
1162
1163
2057
1185
1184
1183
1182
1894
1925
1204
1202
1203
2236
1225
1226
2323
2059
1245
1246
1247
1885
1248
1265
2171
1266
1267
1268
2263
2377
2173
2336
1285
1286
1287
1851
1288
2151
2035
1921
2112
1305
1306
1532
1307
2124
2192
1325
1326
2108
1441
1455
1579
2043
1889
2122
1456
2198
1469
1545
2004
2032
1470
2199
1584
2128
2335
2278
1483
1989
1484
2237
2243
2348
1497
2273
1510
1498
2287
2000
471
472
1918
491
492
493
2334
1978
511
512
1954
513
1645
2092
531
2216
532
2034
1785
1812
1882
426
427
1831
2203
1988
445
446
2327
447
2226
448
1813
464
465
466
1908
2239
2164
485
486
2204
437
438
1881
455
456
457
2295
458
1854
1983
1688
475
1739
476
2095
477
479
478
2021
1553
2056
495
1679
1740
1901
496
2324
497
498
499
500
2033
2277
1668
515
1741
516
517
2140
518
519
1671
535
536
537
538
2097
539
1790
2240
2153
555
556
557
1194
1193
2157
1212
1213
1214
2254
1813
1963
1230
1231
1232
1233
1234
2164
2317
1979
2315
1251
1252
1253
1254
1538
2337
2165
2245
1811
1271
1272
1273
1274
1888
460
459
1854
1947
1983
479
480
481
482
1885
2056
2142
1965
498
499
500
501
502
2263
2277
2173
2311
518
519
520
521
522
1851
538
2196
2097
539
540
541
542
2176
558
559
560
1992
1990
2063
972
971
206
2103
2143
2188
1942
2296
2309
992
2012
1770
991
2290
1800
1907
1012
1011
1940
2131
2041
2044
663
677
1889
2122
678
692
705
1530
2032
706
2308
1548
2128
693
719
1989
720
2237
1535
734
2195
1943
1368
2179
2094
1980
1384
620
621
1385
2307
2279
1576
1400
636
1959
1401
637
1760
1416
652
2260
705
718
706
2128
719
1989
732
720
2237
1923
733
2306
745
746
1698
1535
734
757
1597
1697
1956
2150
758
1268
2377
1269
2025
1287
1288
2151
2035
1289
2112
1290
1532
1307
2374
2269
1308
1309
2192
1310
1853
2042
2305
1326
1327
2244
1328
1329
1960
1344
2079
1345
2326
1346
2201
1826
1362
961
1830
960
2077
982
217
981
980
979
1874
2136
1003
1002
1001
237
1000
999
1744
2302
2147
1745
2126
1021
1020
1022
1023
1024
1019
1976
1902
1042
2040
1041
1043
1044
1045
2069
2134
1063
1064
1065
2071
1460
1580
709
1473
710
1474
2299
722
1486
723
1487
1596
724
1488
1537
736
1500
737
1501
738
1502
1937
947
183
182
946
181
945
180
1905
1935
967
203
968
202
966
201
965
200
2297
2023
224
988
987
223
986
222
985
221
2162
2185
1008
1786
1007
243
2339
1577
2224
1443
679
1545
680
1444
1584
693
1457
1539
1541
694
1458
1459
695
2292
707
1471
2211
708
1472
709
721
1485
1856
1147
1146
1957
2054
1165
1167
1166
1168
2002
2253
1822
1926
2057
1185
1186
1187
1188
1858
2289
1570
2090
1995
1528
1205
1206
2078
1207
1208
2259
2111
1224
1225
1226
1227
2323
2058
2059
1246
1247
1608
1671
535
536
537
538
2097
1790
2240
2153
554
1653
1607
555
556
557
1944
1990
572
1606
1654
2144
573
574
2276
575
2257
589
1605
1655
590
591
592
1985
2227
1667
606
607
608
609
622
623
2243
1497
2273
1510
1498
1840
1956
1581
1703
1522
2272
1585
2146
1178
1660
1179
1781
2155
2070
1197
1198
1782
1664
1199
2271
1217
1218
2264
1236
1237
1696
1238
1594
1855
2197
616
617
618
1765
1952
632
633
2039
634
2268
648
2082
649
650
662
663
664
678
1855
1974
1277
1278
1712
1557
1794
2265
2216
1296
1297
1595
1713
1298
2093
2390
1316
1555
1714
2421
1552
2322
448
1813
2060
465
466
467
468
2239
2190
486
487
488
489
2204
2262
506
2241
507
508
1951
509
526
527
528
2274
529
2013
547
548
1928
2232
1676
16
1695
1560
15
1684
33
1927
2230
1663
32
50
2231
1586
49
226
248
247
246
245
1940
2041
268
267
266
2044
2099
265
2229
289
288
287
1819
2163
310
309
308
2074
1811
1273
1274
1275
1888
1755
1794
1292
1293
1294
1295
2219
2225
1312
1313
1314
2046
1315
1991
1904
1331
1332
2221
1333
2109
2040
1043
1046
1044
1045
2134
1064
1068
1742
1065
1067
1066
2071
2049
1088
1089
1083
1084
1085
1087
1086
2218
1898
2220
1108
1104
1105
1106
1107
2018
1938
1808
2249
1128
1126
1127
1125
1124
2294
1856
1147
1146
1145
2054
2413
11
1644
1646
774
1643
1647
10
2009
2209
2223
28
1649
1642
773
1763
9
27
2161
8
1641
2202
1650
790
26
2066
25
44
43
1917
42
61
60
1928
780
1676
2193
1560
779
1684
1927
797
1663
1682
778
796
795
1929
2089
794
813
1924
2246
2329
812
1567
811
2350
2031
1057
1056
2139
2266
1973
1078
1077
1076
1891
2320
2187
1829
2319
1098
1097
1096
1568
2318
2248
1996
1118
1117
2106
2312
2355
1978
509
510
511
512
1954
1816
1755
529
530
531
532
2183
549
550
2181
551
1904
568
569
570
1613
1879
1710
1967
1708
1730
2293
1612
2321
2353
2356
1881
2344
455
2295
1688
475
1861
1239
1739
1611
2180
476
2095
2015
2021
495
1679
1860
1740
1610
1901
496
2085
2033
1609
1668
1862
1741
2140
1608
1671
2061
2310
1134
1569
1133
2194
2402
2345
1825
2003
1152
1154
1153
1155
1542
1997
1175
1172
1174
1173
2178
1987
1192
1195
1194
1193
2157
1212
1213
1214
2254
1762
823
59
2075
77
841
2087
840
76
75
839
859
95
858
94
857
93
856
92
2175
91
112
876
111
875
874
110
1795
873
109
108
129
893
892
128
127
891
890
126
1920
1759
909
144
2288
523
524
2035
1921
2196
1986
542
543
544
561
1853
1992
562
2168
563
2244
579
1960
580
581
596
597
1826
1818
598
1768
788
2191
787
786
1565
2234
41
805
1832
804
40
39
803
1784
802
38
58
822
57
821
2087
56
820
1804
55
819
54
818
2156
75
839
838
74
73
837
72
836
856
92
91
855
854
90
89
853
872
108
871
107
592
1985
2227
2115
607
608
1909
609
610
1941
611
1678
622
623
624
2118
625
2067
626
2113
2149
627
1687
638
2314
639
640
641
642
1884
643
1824
653
1890
654
2006
655
2137
656
657
1857
669
670
671
2138
2290
1907
1966
2131
2041
1034
1033
2044
1799
2148
1055
1054
1973
2163
2083
2320
1829
2019
2106
2130
2355
1137
1136
1135
1892
2194
1156
1155
1157
1997
2129
2146
1175
1176
1177
2155
1758
2070
1195
1196
1197
1787
349
1934
370
369
371
1849
1817
388
390
389
391
2127
411
408
410
409
1880
1882
428
430
429
2303
449
2068
2088
380
379
2169
2001
401
400
398
399
2253
2057
1911
421
422
420
419
418
2121
1910
441
442
440
438
439
2078
2259
2236
458
460
459
1854
1947
1983
2024
1263
1264
2119
2263
2277
1282
1283
1284
1285
2132
1851
1301
1302
2097
1303
1790
1304
2008
1305
2176
2120
1320
2124
1321
1322
1944
1323
1324
1990
2017
2144
1338
1339
1340
1791
1341
2257
1356
1985
1357
2115
1851
2196
2097
540
541
2176
557
558
559
560
561
1992
1990
2017
575
576
1791
577
578
2116
579
1823
592
1985
593
594
595
596
1909
609
1818
610
611
612
626
2113
1962
301
303
302
1922
324
321
323
322
1821
1743
344
345
340
341
342
343
1797
2141
2104
364
362
363
365
361
360
1845
383
2068
382
384
381
380
401
403
402
404
2002
2253
422
2002
422
423
424
1831
441
442
2078
443
444
2259
2226
1949
2111
460
461
462
463
2091
2058
1947
2059
481
482
483
1885
484
2142
1965
2207
2171
502
503
504
2288
523
117
116
135
899
898
134
133
897
917
1590
916
152
2081
915
151
150
914
1591
935
934
933
1893
242
241
2184
263
262
261
260
2038
285
284
283
282
1984
2076
1962
306
305
304
1821
1743
1805
1820
2118
1390
1391
2086
1405
1406
1884
1407
1824
1408
1890
1903
2006
1419
1420
1421
1857
1422
1423
2073
1434
1435
2138
1436
1897
2399
1437
2275
2280
1438
1449
1450
1451
2011
1789
1452
2062
1453
2125
2235
1464
2100
1465
1466
1467
2048
1769
1639
1768
770
5
769
1638
1767
1637
4
2055
768
787
3
1843
1636
767
1635
2
766
1842
22
786
1841
21
785
784
20
1832
19
783
804
2283
39
803
802
38
1814
37
801
800
36
820
1804
55
819
2080
54
818
826
62
1757
844
80
2298
843
79
842
78
862
98
1815
861
97
1793
96
860
2053
859
95
115
879
114
878
877
113
896
132
1795
131
895
894
2114
354
353
352
1915
1896
1887
1783
373
372
374
2052
1806
392
393
394
2007
1981
2030
412
413
414
1953
135
153
1590
152
2028
172
1591
171
1592
2027
192
191
1773
2365
2026
285
307
306
305
1802
328
327
326
325
1821
1805
348
347
345
346
2022
1912
368
365
366
367
2261
384
385
386
387
2034
405
406
121
885
120
884
139
903
138
902
1796
901
137
158
922
921
157
156
920
155
919
2005
941
177
176
940
939
175
938
1772
197
961
1830
196
960
195
959
2077
980
1110
1955
2154
1129
1130
1131
2160
1148
1149
1957
1150
1151
2159
1977
1999
1167
1168
1169
1170
1171
1926
1812
1187
1188
1858
1189
1190
1191
1831
1570
2090
1995
1528
1988
1208
1209
1210
2251
2177
338
337
1735
1877
1705
1536
2084
1846
2135
359
358
357
1734
1875
1616
356
1706
2258
1933
2088
1615
1876
1709
1733
376
379
378
377
2169
1895
1975
1614
1732
396
1707
1878
397
398
399
2358
2210
1911
1613
1879
1710
1731
416
417
419
418
1764
1894
1708
1730
2293
1910
437
438
2321
1881
129
893
892
128
127
891
1920
1759
911
146
910
909
145
144
908
907
143
929
165
164
928
1936
163
927
926
162
161
925
1771
948
184
947
183
182
946
181
945
180
1905
1935
967
203
968
202
966
1593
2026
976
996
2304
1906
1016
2020
1037
1774
1689
1775
1680
721
1485
722
1486
723
1487
1499
735
736
1500
737
1501
1886
1937
1512
748
1523
749
1513
1534
750
1514
1524
760
1558
761
1525
1561
1526
1606
1336
1865
1337
2257
1866
1353
1605
1354
1355
1356
2227
1867
1667
606
1370
1371
1372
1373
1941
1868
1386
1678
622
1387
1388
1389
2067
1402
1869
1687
2314
1403
1404
1870
1417
1686
1418
1857
1691
1871
1432
1860
1259
1610
1260
2085
2119
1609
1279
1862
1280
1281
2140
1608
1671
1299
1863
1300
1301
1302
2008
2240
1864
1653
1607
1318
1319
1320
1944
1606
1336
1865
1654
2144
1337
1338
2257
1866
1353
1605
1354
1867
1952
1919
2228
1410
1411
2039
2016
1425
661
1900
2222
2373
1426
662
1859
676
1440
2108
677
1441
1455
1579
1792
2043
1889
2122
2267
1810
1494
1495
1496
2064
2252
2316
1506
2348
1507
1508
1509
1518
1837
1600
1838
1519
1599
1598
1839
1520
1840
1597
1521
1956
1581
200
964
199
963
198
985
221
220
984
219
983
218
982
2185
1874
1801
2136
1003
239
240
1004
1006
241
1005
2339
1744
2147
2184
1998
1026
1025
1024
1902
2038
1765
1383
1980
1398
634
1399
635
2082
649
1413
1788
1414
650
1760
651
1415
664
1428
1429
665
666
679
1775
1058
1680
2139
2266
1681
1776
1079
1078
1891
1777
1099
1683
1098
2410
1778
1119
1673
1118
2312
2409
1779
1139
2286
1674
1753
1681
1752
315
1961
2117
335
1683
1751
355
1750
1673
1915
2133
1749
1750
1915
2133
1749
375
1674
1748
1675
395
2007
2030
1660
415
1746
1747
1690
233
254
1685
253
276
275
1619
274
1677
1964
297
296
1738
1669
1618
295
1852
317
316
2301
337
336
1735
1877
1705
1734
356
1706
957
1724
1623
1844
978
1725
977
1622
998
1726
1690
997
1621
2126
2291
2166
1019
1018
1017
1685
1620
1727
1756
1040
1039
1038
1619
1677
1728
1964
1061
1060
1729
1059
1618
1950
2213
2392
1080
2342
1573
1720
1796
1626
900
1721
155
919
1625
918
1722
939
938
174
1772
1723
937
1624
959
958
957
1724
1623
1694
2182
979
1844
978
1725
977
1622
998
1726
997
1621
1716
68
832
1630
1717
1899
850
86
1629
85
1718
849
867
103
1628
866
102
1719
120
884
119
1627
883
1720
1796
901
137
1626
900
1721
919
1625
918
1722
1695
1560
15
1684
1682
14
1559
1711
32
1670
13
1556
1702
1549
12
31
30
49
1924
29
2037
48
1550
47
46
64
1691
668
669
1693
683
1736
2280
684
685
2011
2346
2206
2281
697
2047
698
2205
699
1662
2347
1704
711
2328
712
725
1833
2233
1672
1604
713
726
2256
2300
2238
727
739
1603
1656
1834
1645
2092
2216
533
1595
534
1658
552
1555
1665
553
1552
571
2161
8
1641
1650
7
1651
1769
1640
2158
1652
1639
1768
6
5
1638
1767
25
1637
4
24
2191
23
22
21
41
1832
40
39
38
58
57
56
1385
1576
1400
1959
1401
1416
1563
1578
1430
667
1547
1431
1529
1445
1446
737
1501
738
1502
1937
749
1513
750
1514
751
1515
1558
761
1525
1561
762
1526
763
1527
721
1485
1585
1499
735
747
1511
1512
748
759
1523
1450
1451
1452
2125
1463
2235
1464
2100
1465
1466
1467
1476
2048
1477
1478
1479
1850
1480
1481
1490
2341
2267
1491
1492
1493
1494
2110
1495
1504
1496
2064
1505
2316
1506
1516
1507
1508
1836
1517
1518
1837
1838
1519
1520
1412
1413
1426
1427
1441
1428
2043
1889
1442
1456
1577
2198
2224
1443
1545
2032
1470
2199
1584
1457
1539
2211
1363
1364
1365
1366
1380
1381
1382
1765
1952
1383
1396
1397
1398
1412
2082
1413
1414
1427
1428
1324
2017
1340
1341
1342
1343
1823
1356
1357
2115
1358
1359
1360
1909
1373
1374
1375
1376
1377
1388
2118
1389
2101
1390
1391
1392
1393
2086
1405
1406
1407
1408
1890
1421
1422
1332
1333
2109
1349
1350
1351
1366
1367
1943
1368
1382
1383
1980
1384
1399
1400
1235
1236
1255
1256
1257
1974
1274
1275
1276
1277
1794
1294
1295
1296
1297
2390
1315
1316
1200
2343
1201
1202
2353
1575
2356
2344
1219
1220
1221
1222
2331
2242
1861
1239
1240
1241
1243
1242
2015
2024
1860
1259
1610
1260
1261
1262
1263
2085
2119
1609
1279
1862
1280
1281
2140
1282
1283
2132
1299
1863
1300
1301
1302
1303
2008
1318
1319
1320
1321
1218
1236
1237
1696
1238
1855
1257
1258
1974
1277
1278
1712
1297
1713
1298
1175
1176
1177
2155
1195
1196
1194
1197
2157
1787
1216
1214
1215
1217
2338
2264
1233
1235
1234
1236
1255
1256
1031
1030
1029
1028
2270
2255
1053
1052
1051
1050
1049
2083
1074
1073
1072
1071
2065
1094
1093
1092
1091
2174
1803
1113
1112
2061
2396
2420
1000
999
1745
2126
1021
1020
1019
1018
1042
1756
1041
1043
1040
1039
2069
2134
1063
1064
1062
1061
1065
1060
2282
1950
2071
1083
1084
1085
1082
1081
1080
1848
2220
2370
1103
1104
1102
1101
2249
1123
1122
996
995
1016
1015
2020
1037
1774
1036
1035
2031
1775
1058
1057
1056
2139
1078
974
973
972
995
994
993
992
2290
1015
1014
1013
1012
1966
2131
1035
1034
1033
1032
1056
1055
1054
924
923
158
922
921
943
179
942
178
941
177
940
964
963
198
962
197
961
1830
960
984
983
982
981
1874
1003
1002
1004
915
914
935
934
933
932
1893
1883
954
953
952
951
975
974
973
972
2103
995
994
993
908
907
143
906
927
926
162
161
925
924
160
923
946
181
945
944
180
943
179
942
1905
967
966
201
965
200
964
963
986
985
984
899
917
1590
916
1591
936
935
934
956
1592
955
954
976
854
872
871
107
870
869
125
889
888
124
123
887
886
907
906
142
141
905
140
904
903
925
924
160
923
159
158
922
943
942
941
717
718
729
730
731
732
1923
1809
742
743
733
744
745
754
1700
1699
755
746
1698
756
757
1697
713
714
715
726
727
728
739
1656
729
730
740
2284
741
742
1602
1666
752
743
753
1601
1657
754
1700
1699
755
667
1547
1529
680
1445
681
1446
682
1459
695
1460
696
1580
708
709
1473
710
1474
723
626
627
640
641
642
643
644
1903
2006
655
656
657
658
669
659
670
671
2138
672
2399
673
2280
684
674
685
686
687
1789
688
689
1828
699
700
2247
701
702
703
714
2172
715
614
615
2197
616
630
631
1919
645
632
2228
646
647
2039
648
660
661
2373
662
676
677
579
580
595
596
597
1818
1807
611
612
613
614
615
2105
627
628
629
2325
630
643
644
645
1903
2228
646
658
659
660
661
585
586
2036
601
602
603
618
619
620
633
634
635
650
651
1552
588
2381
604
605
2094
621
2279
637
550
551
1904
568
569
570
586
587
588
603
604
620
546
547
548
2181
564
565
566
567
568
2217
2170
582
583
584
585
586
2096
599
600
601
602
616
617
618
449
450
451
2060
467
468
469
471
470
2190
488
489
490
491
492
1978
2241
508
509
510
511
1816
529
530
531
1733
376
377
1732
396
1707
397
1879
1710
1731
416
417
418
1764
436
1708
1730
2293
437
438
1881
455
456
457
2295
1688
475
1739
476
2095
477
478
2021
1553
495
1740
496
497
394
2030
413
414
415
1953
433
434
435
2287
453
454
2313
472
473
310
311
309
332
331
330
329
2074
328
1847
352
351
350
349
348
1887
1934
372
368
370
369
371
1817
390
389
391
293
292
1913
315
314
313
2117
335
334
333
2114
355
354
353
1915
373
374
252
273
1754
272
2186
1753
294
293
1752
315
314
2117
335
245
244
243
266
265
264
263
288
287
286
285
284
309
308
307
306
1802
2074
328
327
239
240
262
258
259
261
260
1902
2038
278
279
283
1946
282
280
281
1533
1962
299
300
304
301
303
302
1922
1945
324
320
321
323
322
1821
1743
341
342
343
198
197
196
220
219
218
217
216
1874
2136
239
238
240
237
236
1744
2147
1745
257
256
258
259
261
260
1902
2038
278
279
1946
280
188
187
209
208
207
206
2143
2296
230
229
228
227
226
2050
250
249
248
247
246
2041
269
268
267
186
185
184
207
206
205
203
2143
204
2012
1770
227
2023
224
225
226
223
247
246
245
244
243
1940
267
266
2099
265
154
174
173
194
1623
1694
193
2182
215
214
213
1692
1622
235
234
1690
233
1621
2166
255
254
1685
253
275
274
1677
170
191
190
189
2107
188
211
210
209
208
2378
231
230
229
2050
251
250
133
152
151
150
149
171
170
169
168
167
1883
190
189
2107
188
187
209
114
113
132
1795
131
130
129
149
2152
148
147
146
168
167
166
165
1771
186
185
85
1628
102
120
119
1627
1720
1796
137
1626
136
1721
156
155
1625
154
1722
175
174
1772
1624
173
194
1694
84
1588
83
1589
1932
101
100
99
118
117
116
135
134
153
152
33
2230
1663
32
50
2231
1586
49
2208
67
1587
66
2352
65
84
1588
83
82
1589
101
100
