CLUSTEROFFSETS 279
7
25
53
98
118
127
161
183
205
234
264
269
290
307
339
361
372
391
406
429
450
466
490
528
567
585
603
619
652
664
679
691
710
728
736
747
756
777
800
823
838
859
881
898
908
918
937
967
985
1018
1038
1050
1061
1071
1086
1101
1124
1149
1164
1183
1197
1213
1234
1251
1260
1299
1322
1350
1366
1375
1386
1397
1408
1427
1442
1469
1499
1519
1544
1560
1571
1586
1598
1614
1641
1648
1665
1678
1692
1710
1736
1759
1785
1812
1822
1836
1844
1867
1883
1910
1926
1936
1968
1982
2003
2016
2034
2052
2059
2071
2093
2102
2112
2138
2160
2178
2187
2199
2227
2243
2253
2260
2269
2279
2296
2302
2323
2344
2357
2384
2397
2414
2440
2465
2479
2500
2523
2542
2559
2573
2582
2611
2623
2628
2634
2643
2653
2674
2677
2684
2707
2735
2758
2783
2805
2828
2850
2875
2891
2898
2914
2926
2933
2942
2959
2971
2979
2992
3000
3008
3029
3048
3059
3073
3077
3092
3101
3115
3124
3133
3156
3165
3180
3195
3215
3238
3248
3263
3282
3308
3317
3335
3360
3369
3380
3397
3417
3441
3468
3479
3494
3519
3526
3537
3553
3565
3583
3601
3606
3617
3636
3656
3669
3683
3687
3697
3703
3713
3733
3749
3765
3783
3796
3807
3831
3842
3850
3858
3869
3891
3918
3926
3936
3941
3948
3961
3977
3998
4005
4023
4047
4059
4078
4103
4118
4127
4139
4150
4165
4193
4211
4225
4233
4247
4256
4265
4286
4305
4321
4333
4341
4356
4366
4384
4401
4415
4434
4442
4450
4467
4486
4506
4519
4533
4547
4567
4585
4602
4625
CLUSTEINDICES 4625
1761
2074
1803
2427
2061
2425
1849
2390
1316
2421
1334
1552
2415
1335
2322
2422
2426
1352
2381
1582
2195
2418
2179
1369
2094
2391
2347
1583
1475
2328
2393
1476
1489
2372
1833
2233
1477
1850
2417
1490
2256
2379
1491
1503
1603
2424
1834
2110
1504
1835
1516
1836
1517
1842
765
1841
1634
2385
2189
1701
1633
764
783
18
782
17
781
1572
2387
1814
1737
1982
800
36
2333
799
35
2416
2080
2423
798
1632
34
1715
817
53
2102
52
816
1716
1631
815
834
70
833
69
1717
1899
1092
1091
2174
1113
1112
1111
2061
2396
2420
2425
2154
1132
1133
1131
2397
2402
2160
1151
1152
2159
192
212
2365
2026
2419
2378
1564
232
2304
1670
777
776
2412
1648
2413
775
1644
1643
2009
794
793
28
792
2329
2037
2414
791
1550
810
46
2330
45
809
2098
2066
2285
808
44
1544
2014
826
62
1757
2410
1778
1119
1118
2312
2409
1138
1779
1139
2286
1674
1574
1948
2411
1158
1675
1159
1780
2146
1178
1179
1781
1925
1204
1202
1203
2236
1221
1222
1224
1223
1854
2242
2408
2323
1243
1242
1244
1245
2024
1262
1263
1264
2263
1642
773
1763
2161
1641
2202
772
790
1769
1640
771
1768
789
2407
788
807
2191
787
1554
1917
806
1565
2234
805
804
1784
823
822
2087
1804
55
2080
54
818
817
53
72
836
835
71
2215
834
70
90
1543
2406
89
853
88
852
87
851
2212
870
106
869
105
104
123
2338
2264
2190
2405
1811
1772
195
194
2077
216
2182
215
1844
214
1622
2404
236
235
234
1745
2126
2291
2166
256
255
1976
2219
2042
1311
1312
2046
2403
1329
1330
1331
2217
2326
2221
2170
1571
2398
2096
2123
1038
1728
1061
1060
1729
1059
1618
1950
2213
2392
1081
1080
2342
2301
1573
2370
2401
1101
1100
2357
1877
1972
1617
2364
2376
2084
1121
1120
1971
1616
1970
1140
659
660
2399
673
2222
674
2373
675
676
688
689
1828
690
2400
691
1792
702
703
704
1994
2260
718
291
1958
2163
312
311
2395
332
331
352
1896
1887
1942
1770
988
989
990
1800
2162
1011
1010
1009
1008
2394
1031
1030
2044
1029
2270
1052
1051
485
2207
2204
504
505
2389
2025
524
2035
525
1986
2269
544
545
1853
699
700
2247
701
712
2048
713
714
2172
715
726
2388
2341
2238
727
728
729
740
2252
2284
741
1601
1600
257
256
1976
278
277
279
1946
276
2069
2386
299
300
298
2071
1827
1945
319
1848
2251
2177
1873
912
932
931
930
1883
2384
1771
952
951
950
949
2063
972
971
970
2188
1076
1074
1075
2320
2019
1096
1095
1094
1568
2318
2383
2248
1996
1803
1116
1115
1114
2130
1540
2355
2310
1136
1569
1135
1970
1895
1614
1969
1160
1161
1162
2358
2210
1613
1968
1180
1879
1181
1182
2359
1894
2382
1925
1200
1967
2293
1612
2343
1201
1202
2321
2353
1575
2356
2344
1219
1220
1221
2331
2242
1240
1241
1403
1870
1417
1686
1418
1419
2137
1420
1857
1691
1871
1432
1433
1434
1435
2380
2275
1872
1693
1447
2332
2280
1448
1449
1450
2367
2011
2346
1661
2281
1461
2047
1462
2391
1463
2347
1583
1475
2328
2058
2354
1248
1249
2207
2171
1267
1268
2377
1269
2025
1287
1288
2151
2035
1289
2112
1532
1049
1048
1047
1984
1914
1070
1069
1068
2375
2049
1091
1090
1089
2029
1820
1109
1110
1955
2245
1269
1270
2025
1289
1290
1291
2374
2269
1309
1310
2042
2305
1328
1329
2326
813
812
1567
2208
1930
831
2350
830
2352
2200
829
2214
828
2145
848
1931
1588
1916
1531
847
2371
846
845
1551
1932
865
1566
2298
2010
864
863
862
1793
1981
411
412
1880
431
432
433
2369
452
451
2000
471
564
1960
2079
2217
582
583
1826
2368
598
1993
599
600
615
2197
616
231
230
2050
251
2045
250
2366
271
270
292
1958
1913
2261
384
385
2034
1977
403
404
405
406
2363
2002
423
424
425
426
1831
444
445
2226
1361
2051
1807
1377
1378
2101
2105
1392
2167
1393
2362
1394
1919
1408
1409
1410
2016
1424
1591
1893
1592
955
1773
2361
1593
2072
2045
1689
1754
2360
2186
1753
1680
2266
1913
1752
1961
454
2313
473
1659
474
2351
494
2250
1562
2062
1453
1454
2108
2235
1455
1792
1467
1468
2349
1481
1469
2267
1482
2004
1810
2278
1495
1496
2316
2348
1115
1114
1113
2130
1540
2310
1136
1134
1569
1133
1135
2194
2345
2003
1156
1154
1153
1155
1542
1175
1174
1173
2178
1808
2249
1125
1124
1123
1122
2294
1933
1145
1144
1143
1142
2054
2340
1165
1164
1162
1163
2057
1184
1183
1182
1925
2185
1801
1786
1007
1006
1005
2339
2184
1027
1998
1026
2255
1049
1048
1984
1229
1230
1231
2164
2317
1979
2315
1250
1251
1252
1538
2337
2165
2245
1270
1271
1272
1888
1290
1291
1292
2323
2059
1246
1247
1885
1265
2171
1266
1267
1268
2173
2336
1285
1286
1287
2151
2035
1921
2112
1306
1307
2124
1579
2043
1889
1456
2198
1469
2004
2032
1470
2199
2335
1483
1989
1484
2243
1497
2273
472
1918
492
493
2334
512
1954
513
2216
532
1882
2203
446
2327
447
2226
1813
465
1908
2239
1818
1807
612
613
614
2105
627
628
629
2325
630
1884
644
645
1903
2228
646
659
660
1881
456
457
2295
1983
476
2095
477
479
478
2021
1553
2056
1740
1901
496
2324
497
498
499
2033
516
517
518
519
536
537
538
2097
2153
1056
1055
1973
1077
1076
1075
2320
2187
2319
1097
1096
1095
1568
2318
2248
1996
1117
1116
1867
1371
1372
1373
1941
1868
1386
1678
1387
1388
2118
1389
2067
2149
1402
1869
1687
2314
1403
1404
1405
1824
1870
1417
1686
1890
1418
1419
2137
1420
1857
1691
1871
1947
1983
480
481
2056
2142
499
500
501
2277
2311
519
520
521
1851
2196
2097
540
541
2176
2063
2103
2143
2188
2309
2012
1770
2290
1800
1907
1940
2131
677
678
692
1530
706
2308
1548
693
720
2237
734
1943
1368
1980
1384
1385
2307
2279
1400
1959
1760
705
2128
719
720
2237
1923
733
2306
745
746
1535
1597
1697
2150
758
2127
410
409
1880
428
431
430
429
2303
448
449
450
1798
2060
468
982
981
980
1874
1003
1002
1001
1000
1744
2302
2147
1745
2126
1021
1020
1022
1023
1042
2040
1043
1044
2069
2134
2206
2281
697
698
2205
1662
1704
711
712
725
1833
1672
1604
713
726
2300
2238
727
739
1603
1656
1834
740
1602
1666
1460
1580
1473
710
1474
2299
723
1487
1596
724
1488
1537
737
1501
1502
182
181
1905
1935
967
203
202
966
201
965
2297
2023
987
223
986
222
2162
2185
1786
188
209
208
207
2143
2296
229
228
227
2050
1907
249
248
2041
2224
1443
679
1457
1539
1541
694
1458
1459
2292
707
1471
708
1472
721
1485
1167
1166
1822
1926
1185
1186
1187
1188
2289
1570
1995
1205
1206
2078
1207
1208
2111
1225
1226
2323
2059
2091
483
1885
1965
2207
502
503
504
2288
522
523
524
1921
2196
1986
543
2168
1953
433
434
2287
453
2000
454
472
1918
769
1638
1767
1637
2055
768
1843
1636
767
1635
766
1842
786
21
785
784
20
1832
19
783
2283
803
802
38
1814
37
801
800
36
1804
55
819
2080
54
818
817
53
71
2215
1756
1041
1040
1039
2069
1063
1062
1061
1060
2282
1950
2071
1827
1083
1082
1081
2301
1848
2370
1103
1102
1101
2084
1671
1790
2240
2153
554
1653
1607
555
556
557
572
1606
1654
2144
573
574
2276
575
589
1605
1655
590
591
1985
2227
606
607
608
2204
506
507
1951
525
526
527
2274
2269
2013
545
546
2042
547
565
2217
2273
1510
1498
1956
1581
1703
1522
2272
1585
1178
1781
2070
1198
1782
1664
1199
2271
1218
1237
1855
616
617
1765
632
633
2039
2268
648
2082
649
663
1974
1712
1557
2265
1595
1713
2093
2390
1555
1714
2421
2060
466
467
2239
486
487
488
489
2262
506
2241
507
508
1951
509
526
527
528
2013
2002
2253
421
422
2121
441
442
2078
2259
460
461
2091
1947
1885
2142
2301
1877
1705
1972
1617
2376
2084
1846
1971
1875
1616
1706
2258
1933
2088
1970
1615
1876
1709
1895
1975
1614
1707
1878
1969
2358
2210
2008
1864
1319
1320
1321
1944
1606
1336
1865
2144
1337
1338
1339
2257
1866
1353
1605
1354
1355
1356
2227
2115
1867
1667
1370
1371
1372
1373
1941
1868
2178
1987
1192
1194
1193
2203
2157
1211
1212
1213
1214
2254
1813
1963
1230
1231
1232
2317
1979
2315
2193
1684
1682
778
796
1670
795
2089
794
1924
2246
2329
812
811
810
2098
2285
829
2214
828
2145
1939
1916
827
1531
1921
2112
1307
2124
2192
1325
1326
2244
1343
1823
1344
1360
2201
1361
2051
1807
2232
1676
16
1695
1560
33
2230
1663
32
50
2231
247
246
1940
2041
268
267
266
265
2229
289
288
287
1819
2163
309
1274
1888
1755
1293
1294
2225
1313
1314
2046
1991
1332
2109
2413
775
774
1643
2009
2223
1642
773
1763
791
772
790
2066
789
808
807
2134
1063
1064
1065
1066
2071
1083
1084
1085
1087
1086
2218
1848
2220
1103
1104
1105
1106
1107
1938
1808
2249
1126
1125
1124
1123
2294
1545
2199
1584
1457
1471
2211
1498
1644
1646
1643
1647
10
2009
2209
1649
1642
1763
9
27
26
2066
44
43
1917
1978
510
511
1954
1816
530
531
2183
549
550
551
1904
569
1816
529
2013
548
549
550
2181
1904
566
567
568
2170
585
586
1708
2293
1612
2344
2295
1688
1861
1739
1611
2180
2015
2021
1679
1860
1740
1610
1609
1668
2075
77
841
2087
840
76
859
858
94
857
93
856
92
2175
876
111
875
874
110
873
109
892
128
127
891
1920
2141
1536
2135
360
359
358
2068
2088
381
380
379
378
2169
2001
401
400
398
399
2057
1911
420
419
2121
2161
8
1641
2202
1650
7
1651
1769
1640
2158
1652
1639
1768
6
5
1638
25
24
2191
23
22
42
41
40
39
57
805
1832
804
803
1784
822
57
821
2087
56
820
1804
55
819
2156
75
839
838
74
73
837
72
836
91
855
854
90
1157
2129
2146
1176
1177
2155
2070
1196
1197
1217
113
1795
131
130
894
2152
912
148
1759
147
911
166
930
1771
1907
1966
2131
2044
2148
1973
1829
2019
2015
2021
1679
1860
1610
1901
2085
2119
2033
1609
1668
1862
2140
2132
1608
1671
1863
1790
2008
2240
2153
1653
1607
1774
1036
2031
1775
1058
1680
1057
2139
2266
1681
1776
1079
1078
1891
2187
1777
641
1824
1890
2006
655
2137
656
657
669
2073
670
671
2138
672
2399
2275
2280
684
685
686
687
2011
1789
1828
699
700
2247
198
220
219
218
217
1874
1801
2136
239
238
240
1744
2147
1998
1902
2038
1750
1673
1915
1783
2133
1749
1674
1948
1675
2007
2073
1434
1435
1436
1437
2275
1449
1450
1451
2011
1789
1452
1453
1462
2125
1463
2235
1464
2100
2247
1465
1466
1467
2048
1477
1478
1479
1850
1480
2341
2267
1492
2373
1859
2108
677
1792
2043
1889
2122
692
705
706
2128
1989
2237
2263
2277
1283
1284
2132
1851
1302
1303
1790
1304
2120
1321
1322
1944
1323
1990
2017
1339
1340
1791
2115
2186
1913
1752
315
314
1961
2117
335
1751
334
2114
1750
1915
2176
558
559
560
1992
1990
576
1791
577
578
2116
1985
593
594
595
1818
610
611
1909
1818
610
611
612
2118
625
626
2113
2149
627
628
641
642
1884
643
1903
2006
170
169
1893
190
189
2107
1773
2187
1097
2318
1118
1117
2106
2312
2355
1137
1138
1892
1948
323
322
1821
1743
344
341
342
343
1797
2104
364
362
363
361
1845
383
2068
382
384
381
403
402
245
244
243
1940
2099
265
2270
2255
1819
494
2250
1562
513
1645
2092
514
533
534
1658
1999
1168
1169
1170
1926
1812
1187
1188
1858
1189
1190
1831
1570
2090
1995
1528
1988
1207
1208
1209
1210
2111
1227
1228
2058
2354
1909
1375
1376
1377
2118
2101
1390
1391
1392
1393
2086
1406
1884
1407
1408
1890
1409
1421
1422
1423
2073
1897
2131
1032
1031
2044
2270
1054
1053
1052
1051
2083
1074
1075
1073
2065
2019
1094
1093
1803
898
134
133
1590
916
2081
915
934
1893
2184
263
262
261
2038
284
283
282
2076
1962
1821
1805
2048
1478
1479
1480
1481
2341
2267
1492
1810
1493
1494
2110
1495
2064
2252
1505
2316
1506
1507
1508
1836
1518
1837
1600
1838
1519
1599
1839
1757
844
80
843
79
1815
861
97
96
860
2053
114
878
877
113
895
2114
353
1896
1783
373
2052
1806
393
1981
413
2046
2221
2170
2109
2096
2036
2123
394
1748
2007
2030
414
415
1746
1953
434
153
152
2028
172
1591
171
2027
192
191
1773
307
306
327
326
1805
347
345
346
2022
1912
365
366
367
2261
385
386
387
1906
1016
2020
1966
1036
2031
2049
1088
1089
1087
2218
1898
1108
1109
1110
1107
2018
1938
1955
1128
1127
1129
1856
1147
1148
1149
1957
139
138
902
1796
901
921
157
156
920
919
2005
176
940
939
175
1772
1830
196
960
959
2077
2130
1892
2194
1825
2003
1155
1997
2129
1175
1176
2178
2157
1787
234
1690
2166
255
1976
254
1685
1620
253
1756
277
276
275
1619
274
1677
1964
297
296
1738
1669
1618
1950
1827
1852
2301
2251
1363
1379
2197
2167
1380
1395
1952
1919
1396
1411
2039
2016
1412
2002
423
424
1831
443
444
445
2226
1949
462
463
464
2091
2058
483
484
2207
1487
1596
1488
1537
736
1500
737
1501
1886
738
1502
1937
1512
748
749
1513
1534
750
1514
1515
1558
761
1525
1561
762
1526
1920
1759
146
910
909
145
144
908
929
164
928
1936
163
927
926
162
1771
948
947
183
182
946
181
1905
1935
329
2074
328
1847
350
349
348
1934
1912
368
369
1849
388
389
1928
780
1676
1927
797
1663
796
814
1586
1929
2089
813
1567
2208
1930
1587
831
2350
830
2200
1931
259
278
279
1946
280
281
1533
1962
299
300
1742
301
302
1922
1945
320
321
322
1743
340
341
1797
2141
398
399
1911
419
418
1764
1894
2121
1910
440
438
439
2321
1881
457
458
1854
1983
2095
2016
1423
1424
1425
1897
1900
2222
1438
2373
1859
1439
1440
2062
1454
2108
1455
1792
2316
2348
1508
1509
1838
1510
1598
1839
1520
1840
1597
1521
1956
1581
1847
1766
1887
370
371
1817
1806
390
2127
1994
2172
715
716
2260
717
718
728
729
730
731
732
2252
2284
1923
1809
742
743
744
745
754
1700
1699
755
1599
1598
1698
756
1697
287
286
285
308
307
1802
1761
2074
328
327
348
1912
2045
1966
1799
2031
1913
1811
1974
1794
2093
2390
1991
1980
1399
1788
1414
650
1760
651
664
665
2425
2154
1849
2159
2034
1785
1812
1987
1882
2203
2066
808
44
2014
807
826
1917
825
61
60
824
1762
2075
843
842
78
77
841
1815
859
95
1880
1758
1787
1748
1746
1747
435
1664
2313
1659
1688
475
1739
476
2021
495
1679
1740
496
497
2033
1668
515
1741
516
517
1671
535
536
537
554
1653
555
653
1686
654
2137
1691
1871
668
669
670
1872
1693
683
1736
2280
684
685
2011
2346
2206
2281
697
2047
698
2205
1662
1704
711
1604
296
1738
1669
295
1852
317
316
2251
337
336
1735
1877
1705
1846
357
1734
1875
356
1706
1709
1733
376
377
357
1734
356
1706
1876
1709
1733
376
377
1975
1732
396
1707
1878
397
1879
1710
1731
416
417
1764
436
1708
1730
437
1725
977
1622
998
1726
997
1621
2291
2166
1018
1017
1620
1727
1756
1039
1038
1619
1728
1060
1729
1059
1618
1625
918
1722
938
1772
1723
937
1624
958
957
1724
1623
2182
1844
978
1725
977
1622
998
1726
997
1621
2291
1628
866
1719
884
1627
883
1720
1796
901
137
1626
900
1721
919
1625
918
1722
938
1772
1723
937
1624
1716
1631
815
833
69
68
832
1630
1717
1899
850
86
1629
85
1718
849
867
103
1628
866
1719
884
1627
883
1720
1695
1560
15
14
1559
1711
32
13
1556
1702
12
31
30
29
48
47
1782
1237
1696
1238
1594
1855
1258
154
174
1624
173
194
1623
1694
193
2182
214
213
1692
1622
234
1690
233
1680
2266
1681
1776
1961
1891
1777
1683
1751
1778
1673
1674
2216
533
1658
552
1665
553
571
1674
1675
1780
2007
1660
1746
1781
1782
1664
726
727
728
739
1656
729
740
741
742
1602
1666
752
753
1601
1657
754
1700
1587
1931
84
1588
83
1589
1932
865
101
100
118
117
1959
1401
1416
1578
1547
1431
1529
1446
1413
1427
1428
1429
1442
1577
2224
1443
1545
1584
1457
1539
1458
2418
2179
1369
1385
2279
1576
1959
1401
1959
637
652
1563
667
1547
1529
682
1559
1670
13
1556
1702
1549
1648
12
11
1644
1646
1647
10
30
29
28
2037
27
1550
46
45
1924
48
2208
47
66
2352
65
64
2145
1939
1916
63
1546
83
82
81
80
99
98
1502
750
1514
751
1515
1558
1561
762
1526
763
1527
1499
735
1886
1512
748
1523
749
1513
1534
1524
760
761
1525
1561
747
1511
759
1523
708
1472
709
1473
721
1485
722
1486
723
1487
1499
735
736
1500
1886
1416
1430
1431
1444
1445
1446
1459
1460
1580
1412
1426
1440
1427
1441
1579
2043
1889
1442
1456
2198
1469
1470
2199
1384
1399
1400
1414
1760
1415
1416
1429
1430
1366
1381
1382
1383
1397
1398
1399
1413
1414
1339
1340
1341
1356
1357
2115
1358
1359
1372
1909
1373
1374
1375
1376
1388
2118
1389
1390
1391
1404
1405
1406
1407
1333
1350
1351
1366
1367
1368
1383
1980
1384
1330
1331
2221
1571
2398
1347
1348
1349
2123
1364
1365
1366
1381
1382
1397
1327
1344
2079
1345
1346
2201
1361
2051
1362
1363
1378
1379
2167
1394
1395
1304
1305
1306
2124
1322
1323
1324
1325
2017
1340
1341
1342
1343
1823
1357
1358
1359
1360
1375
1376
1279
1862
1280
1281
1608
1299
1863
1300
1301
2008
1864
1607
1318
1319
1320
1606
1336
1865
1337
1338
1866
1353
1354
1297
1713
1298
1316
1714
1317
2421
2415
1335
2322
1275
1276
1294
1295
1296
1314
2390
1315
1991
1316
2421
1333
1334
2422
1351
1268
1269
1287
1288
2151
2035
1289
2112
1532
1307
1308
1309
2192
2305
1326
1327
1328
1344
1345
1241
1243
1242
2024
1260
1261
1262
1263
1264
2085
2119
1280
1281
1282
1283
1284
2132
1300
1301
1302
1303
1304
2008
1320
1321
1322
1237
1257
1258
1277
1278
1712
1297
1713
1298
1232
1233
2317
1252
1253
1254
1255
1538
2165
1272
1273
1274
1888
1292
1293
1294
1312
1313
1575
2356
2344
1219
2331
1861
1239
1611
1240
1241
2015
1860
1259
1610
1260
1261
2085
1609
1279
1862
1280
1281
1299
1863
1300
2338
1235
1234
1236
1255
1256
1257
1275
1276
1176
1195
1196
1197
1216
1215
1217
2338
1235
1234
1236
1151
1152
2159
1170
1171
1172
1812
1190
1191
1192
2203
1988
1210
1211
1212
1229
1230
1111
1110
1955
1129
1130
1131
2160
1148
1149
1957
1150
1151
1999
1168
1169
1170
1171
1188
1189
1190
1108
1105
1106
1107
1938
1128
1126
1127
1125
1124
2294
1856
1147
1146
1148
1145
1144
2054
1165
1167
1166
1164
1185
1186
1102
1101
1100
2357
2364
2376
2084
1122
1121
1120
1971
1933
1970
1140
1143
1142
1141
1895
1969
1160
1161
1162
2358
1180
1181
1182
2359
1058
1776
1079
1777
1099
1098
2410
1778
1119
2409
1139
1030
1029
2270
1052
1051
1050
1073
1072
1071
2065
1093
1092
2174
1113
1112
1023
1025
1024
2040
1047
1046
1044
1045
2134
1069
1068
1065
1067
1066
2049
1088
1089
1085
1087
1086
2218
1898
1108
1106
1107
1016
1037
1774
1036
1775
1058
1079
1015
1014
1966
1036
1035
1034
2031
1057
1056
1055
1077
993
992
2290
1014
1013
1012
1011
2131
1034
1033
1032
1031
1055
1054
1053
1075
1009
1008
1007
1006
1029
1028
1027
2255
1051
1050
1049
1071
979
978
1000
999
998
2126
2291
1021
1020
1019
1018
1042
1756
1041
1040
1039
1062
1061
985
984
983
982
1801
1003
1002
1004
1006
1005
2147
1998
1026
1023
1025
1024
1047
1046
976
975
996
995
1016
974
973
972
995
994
993
2290
1015
1014
1013
1034
950
972
971
970
969
2188
1942
993
992
991
989
990
1800
1013
1012
1011
1010
1032
1031
929
928
949
948
947
946
1935
970
969
967
968
966
1942
988
989
990
987
2162
1009
1008
925
924
945
944
943
1905
966
965
964
963
986
985
984
923
922
943
942
941
963
962
961
984
983
982
981
1874
1003
936
956
955
976
935
934
933
1893
955
954
953
975
974
995
899
898
917
916
936
935
879
898
897
896
915
914
913
934
933
932
874
873
872
891
890
126
889
1920
909
908
907
143
906
927
926
161
925
924
945
944
871
870
889
888
124
887
906
141
905
140
904
924
923
922
943
942
869
868
887
122
886
885
140
904
139
903
902
922
921
920
941
940
859
858
877
876
875
874
1795
894
893
892
891
1920
1759
911
910
909
929
928
848
1931
847
1551
1932
865
864
863
882
881
880
899
898
780
2193
779
1684
797
778
796
795
2089
813
812
2202
772
1769
1640
771
1639
1768
770
769
1638
1767
2055
768
788
787
786
785
805
1832
804
803
802
821
820
731
732
733
744
745
755
746
1698
756
757
1697
1529
681
682
695
1460
696
709
710
665
666
679
680
681
1541
694
695
631
632
647
2039
648
661
662
676
663
677
692
626
627
628
641
642
643
644
645
1903
2006
656
657
658
659
671
672
2399
673
674
687
688
689
607
608
609
622
623
624
625
2067
626
2149
638
639
640
641
642
1824
653
654
2006
655
2137
656
657
668
669
670
671
620
621
635
636
637
1760
651
652
602
617
618
1765
619
633
634
635
649
650
588
604
605
2094
621
586
587
602
603
604
619
620
566
567
2170
583
584
585
2096
600
601
602
617
618
633
562
2168
563
579
580
581
596
597
1818
598
613
614
615
2105
629
630
557
558
1990
573
574
575
576
577
590
591
592
1985
593
594
607
608
609
610
623
624
625
551
552
569
570
571
587
588
521
522
2196
540
541
542
543
559
560
561
1992
562
577
578
579
580
595
596
498
499
500
517
518
519
520
521
537
538
2097
539
540
2153
541
2176
556
557
558
559
1990
575
576
577
451
469
471
470
490
491
492
1978
510
511
512
531
441
442
460
459
461
462
2091
480
481
482
483
2142
1965
500
501
502
503
521
522
1731
416
417
436
1708
1730
437
1881
455
456
457
2295
1688
475
1739
476
2095
477
478
2021
1553
495
1740
496
497
387
388
2034
406
407
408
1882
426
427
428
446
447
448
465
466
355
374
375
394
1748
395
414
415
435
352
373
372
371
392
391
393
1981
411
412
413
432
314
334
333
2114
355
354
353
1915
373
374
394
310
311
332
331
330
352
351
350
349
1887
372
370
371
390
391
299
300
298
1945
319
320
321
318
317
2251
2177
1873
339
340
341
338
337
2141
1536
2135
361
360
359
358
2088
380
379
378
284
283
306
305
304
303
326
324
325
323
1821
1805
344
345
346
364
365
366
271
293
292
291
1958
1913
314
313
312
334
333
332
2114
353
273
1754
2186
1753
294
1752
315
335
249
248
270
269
268
291
290
289
288
2163
312
310
311
331
252
251
273
272
271
2186
293
292
314
245
244
243
242
265
264
263
286
285
239
238
240
241
262
258
259
261
260
1902
2038
279
283
1946
282
280
281
1533
1962
303
302
196
218
217
216
215
239
238
237
236
1744
1745
257
256
258
259
1902
278
279
1946
207
206
205
204
228
2012
227
224
225
226
247
246
245
1940
267
266
201
200
199
222
221
220
219
2185
240
242
241
2184
191
190
212
211
210
2378
232
231
158
157
178
177
176
198
197
1830
196
219
218
217
216
1874
238
168
167
188
187
186
185
208
207
206
2143
147
146
166
165
164
163
1771
186
185
184
183
182
1935
206
205
203
204
224
143
142
162
161
925
160
182
181
945
944
180
179
1905
202
201
200
199
124
123
142
141
140
160
923
159
158
179
178
177
199
198
120
119
1627
138
1796
137
1626
136
156
155
1625
154
175
174
1772
1624
173
195
194
135
134
133
152
151
150
170
169
132
131
150
149
148
168
167
166
95
94
113
112
111
110
1795
130
129
128
127
1759
147
146
145
165
164
91
90
109
872
108
107
127
890
126
125
889
888
124
143
906
142
141
161
160
88
87
2212
86
105
104
868
103
122
886
121
885
120
139
138
902
1796
137
157
156
82
2010
100
99
98
118
1793
117
116
115
134
133
132
68
1630
1629
85
103
1628
102
1719
120
119
1627
137
1626
136
33
2230
50
2231
1586
49
2208
67
1587
66
84
1588
83
101
26
25
43
2191
1917
42
2234
41
60
1784
59
2075
58
77
2087
76
75
94
93
92
17
1737
35
1632
34
1715
52
51
1716
1631
69
68
1630
1717
1899
86
1629
85
1652
6
5
1638
1637
4
23
3
1636
2
22
21
20
19
39
38
37
3
1636
1635
2
1842
1841
1
1634
2385
0
1701
1633
20
19
18
17
2387
1814
1737
36
35
1632
34
