CLUSTEROFFSETS 41
151
224
363
495
549
697
779
1005
1131
1316
1469
1654
1786
1975
2129
2179
2327
2529
2595
2770
2864
2932
3078
3233
3313
3430
3637
3738
3845
3993
4037
4093
4226
4277
4417
4566
4655
4729
4805
4916
5003
CLUSTEINDICES 5003
1940
2394
2041
267
266
1030
2044
2099
1029
265
264
2270
2148
2229
2255
1053
289
1052
288
1051
287
286
1050
1819
2163
285
2083
310
1074
311
1075
1073
309
308
1072
1914
307
1071
2320
2395
2065
1829
2019
2375
1802
1095
331
1094
330
329
1093
1761
2074
1092
328
1091
327
2383
2174
2248
1996
1803
2029
1847
1805
1820
351
1115
1766
1114
350
349
1113
2427
348
1112
347
1111
1110
2022
1887
2061
2130
1934
1540
1955
2396
1912
2310
2420
2425
2154
1132
368
370
1134
1569
369
1133
371
1135
1130
1131
367
1849
2397
1817
2194
2402
2345
2261
2160
1806
1825
2003
1151
387
1152
388
1154
390
1153
389
391
1155
2159
2034
1542
1997
1999
2127
1785
1171
407
408
1172
410
1174
1173
409
2178
1812
1987
1882
427
428
1192
2303
2203
2327
1813
1974
1275
1276
1277
1278
1712
1557
1794
1294
2265
1295
2216
1296
1297
1595
1713
1298
2225
2093
1314
2390
1315
1991
1316
1904
1555
1665
1714
1317
2421
1332
1333
2109
1334
570
1552
2415
1335
2322
571
2422
1350
2036
2426
1351
587
588
1352
2381
1582
2195
1367
2418
1943
604
1368
2179
605
1369
2094
1980
1384
620
621
1385
2307
2279
1576
1400
636
1959
1401
637
1870
1417
1686
1418
1419
2137
1420
1857
1691
1871
1432
668
669
1433
670
1434
1435
2138
2380
1436
2275
1872
1693
683
1736
1447
2332
2280
684
1448
685
1449
1450
686
2367
1451
2011
2346
2206
1789
1661
1452
2281
697
1461
2047
698
1462
2125
2391
2205
699
1463
1662
2235
2347
1704
700
1464
1583
2100
1475
711
2247
1465
1466
2328
1467
2393
712
1476
2048
1489
2372
725
1833
2233
1672
1604
1477
713
714
1478
2172
1479
1850
1480
2417
1481
726
1490
2256
2300
2379
2388
2341
2267
2238
727
1491
728
1492
739
1503
1603
2424
1656
1834
1493
1494
2110
1495
1504
740
2064
2252
2284
741
1505
2316
1506
1602
1666
1835
752
1516
1507
1508
1836
1517
1601
1657
1518
1700
1837
1600
1838
1519
1599
769
1638
1767
1637
4
2055
768
3
1843
1636
767
1635
2
766
1842
786
765
1841
1
1634
21
785
2385
0
2189
1701
1633
764
784
20
1832
19
783
2283
18
782
39
803
17
781
1572
2387
802
38
1814
37
801
1737
1982
800
36
2333
56
820
1804
55
819
799
35
2416
2080
54
818
2423
798
1632
34
1715
817
53
73
837
2102
72
836
52
816
835
71
2215
51
1716
1631
815
834
70
854
1543
833
69
2406
89
853
68
832
1630
1717
88
852
1899
87
851
2212
850
86
870
106
869
105
1629
85
1718
849
104
868
867
103
887
122
886
1628
866
102
1719
121
885
120
884
1627
883
1720
902
153
2028
172
1591
171
170
1592
2027
192
191
190
189
2107
1773
2361
212
2365
1593
2026
211
210
209
2072
2419
2378
1564
232
231
230
2304
1906
252
2050
251
2045
2020
2366
1774
1689
273
1754
272
271
2360
1799
2186
1753
294
1680
293
2266
1913
1752
315
1695
2193
1560
779
1684
1682
14
778
1559
1711
796
1670
777
13
1556
1702
776
2412
1549
1648
12
2413
11
775
1644
1646
31
795
2089
774
1643
1647
10
2009
794
30
813
2209
2223
1924
29
793
2246
28
792
2329
2037
1649
1642
773
1763
9
48
812
2414
791
27
1550
2208
47
811
2161
1641
2202
772
2350
810
46
790
26
2330
45
809
2098
2066
2352
2285
829
65
25
789
808
44
1544
2214
828
64
2145
1939
2407
2014
43
807
1916
63
827
1531
1546
1554
2371
826
62
1917
806
42
825
61
846
82
2234
845
81
60
824
1757
844
80
1762
1566
2298
2010
823
59
2075
843
79
842
78
862
98
77
841
1815
861
97
840
76
96
860
2053
859
95
858
94
114
878
877
113
1775
1057
2139
2266
1681
1776
1079
1078
1077
1961
1891
2187
2319
1777
1099
1683
1751
1098
1097
1568
2318
2248
1996
2410
1778
1119
1750
1673
1118
1117
1116
1915
2106
1783
2312
2409
2355
2133
1137
1136
1138
1779
1749
1139
2286
1674
1574
1892
1948
2411
1156
1157
1158
1748
1675
1159
1780
2129
2007
2146
2030
1176
1177
1178
1660
1179
1746
1781
2155
1758
2070
1953
1197
1198
1747
1782
1664
1199
2271
1217
1218
1237
1125
1124
1123
1122
2294
1933
2088
1146
1145
1144
1143
1142
1141
2054
2169
1895
1975
2340
2001
1165
1166
400
1164
1614
1878
1969
1160
1161
398
1162
399
1163
2253
1822
1926
2057
2358
2210
1911
1613
1968
1180
1879
1710
421
1185
1186
1184
420
1181
1183
419
418
1182
1187
1764
2359
1894
2121
2382
2289
1925
1570
1200
1967
1708
2293
1612
2343
1910
1201
437
441
1205
1206
442
1204
440
438
1202
1203
439
2078
1207
2321
2259
2353
2236
1575
2356
1881
2111
2344
1219
1220
456
1221
457
2295
1222
458
460
1224
459
1223
461
1225
1226
2331
1854
2242
2091
2408
2323
1947
1983
1688
1861
1239
1611
2180
2059
1240
2095
477
1241
479
1243
1242
478
480
1244
481
1245
1246
482
2015
2021
1247
1553
1885
2024
2056
2142
1860
1259
1610
1901
1260
2324
1965
497
1261
498
1262
499
1263
500
1264
1265
501
2171
1266
2085
2119
1267
2033
2263
2277
1609
1279
1862
2173
1280
2311
1281
2140
2336
1282
518
1283
519
520
1284
521
1285
1286
2132
1287
1851
1608
1299
1863
1300
1301
1302
1921
2196
2097
1303
2112
1790
1304
2008
2240
2153
1305
1306
2176
2120
1319
1320
2124
1321
1322
1944
1323
1324
1325
1990
2017
1338
1339
1340
1791
1341
1806
1997
2129
1981
1175
1176
2178
1880
2155
1987
1758
2070
1953
431
1195
432
1196
1194
430
429
433
1197
2303
2369
2157
1787
2271
2287
448
1213
449
452
1216
1214
450
1215
451
2254
453
1217
1813
1798
2000
2060
2338
1963
2264
467
1232
468
469
1233
1235
471
470
1234
2239
1236
472
2317
1979
2190
2405
1918
2315
1855
1252
488
1253
489
1254
490
1255
491
492
1256
1257
493
2262
2165
2334
1811
1978
2241
508
1951
1974
509
1273
510
1274
511
1275
512
1276
1888
1954
1277
1557
1816
1755
1794
528
529
1293
1294
530
2013
2265
531
1295
2216
1296
532
2183
2225
2093
549
550
1314
2390
2181
1315
551
1991
1904
119
1627
1720
138
1796
901
137
1626
900
136
1721
921
157
156
920
155
919
2005
941
177
1625
154
918
1722
176
940
939
175
938
174
198
1772
1723
937
1624
173
197
961
1830
196
960
195
959
958
194
957
1724
1623
1694
193
219
2077
218
982
217
981
216
980
2182
979
215
1844
1874
978
214
1725
213
1692
977
1622
2404
2136
1003
239
1002
238
1001
237
1000
236
999
235
234
998
1726
1690
233
997
1621
1744
2302
2147
1745
2126
2291
2166
1021
257
1020
256
1022
258
259
1023
255
1019
1976
254
1018
1902
1017
1685
1620
1727
253
278
1042
2040
1756
1041
277
1043
279
1946
1040
276
280
1044
1039
275
1038
1619
274
1677
1728
1964
2069
1533
2134
2386
299
1063
300
1064
298
1062
297
1061
1742
1065
296
1060
1729
1738
1059
1669
1618
295
2282
1950
2071
1827
1945
1852
2213
2392
1083
319
1084
318
1082
317
1081
316
1080
2342
2301
1848
2251
2370
2401
2177
1873
1877
1617
1230
1231
1908
2239
2164
2317
1979
2315
1250
486
487
1251
1252
1253
1254
2204
1538
2337
2262
2165
2377
2245
1811
505
1269
1270
506
2241
1271
507
1272
508
1951
2389
1273
2025
1274
1288
1888
2035
1816
1289
525
1755
526
1290
1291
527
1292
528
2274
529
1293
2374
2269
1294
2013
1308
2219
545
1309
2192
1310
546
2225
1853
2042
2305
1311
547
548
1312
549
1313
1314
563
1327
2046
2181
1991
1328
564
2403
1904
1329
565
1960
566
1330
567
1331
2079
1332
568
2217
1345
581
2326
2221
2170
1571
2398
1333
2109
1346
582
2201
583
1347
1348
584
1349
585
1826
2368
1362
1350
586
2096
1993
2036
2123
1363
599
600
1364
601
1365
602
1366
1379
2197
1367
603
1943
1380
616
1381
617
618
1382
1765
1952
1383
619
632
1396
1980
1397
633
1398
634
2268
1818
611
612
613
614
2101
626
2113
2105
627
628
629
2325
2086
2362
630
641
642
631
1884
643
1919
1408
644
1890
645
1409
1903
2006
2228
655
1410
646
656
657
1422
658
647
2039
2016
1423
659
2073
670
1424
660
671
2138
672
1436
1425
661
1897
2399
1437
673
2275
1900
2280
2222
684
674
1438
2373
662
1859
1439
675
685
686
1451
687
676
1440
1789
1452
688
2062
689
1453
698
2125
1828
1454
690
2108
2400
699
677
2235
691
1455
1579
700
2100
2247
1465
701
1792
2043
702
1466
1467
703
1889
2122
712
704
1468
2048
713
692
1994
714
2172
1479
715
2349
716
1480
2260
717
1481
705
1469
2388
2341
2267
2238
718
1482
727
2004
706
728
1810
2308
729
2128
1494
730
2335
2278
719
1483
1495
731
1989
732
1496
2064
2252
2284
720
2237
741
1923
2316
1809
2243
742
2348
743
733
744
2306
745
754
1700
1600
1699
1838
755
1599
746
1598
1698
1839
756
1535
757
1840
1597
1697
2150
2053
115
879
114
878
877
113
112
876
133
897
896
132
1795
131
895
130
894
2081
915
151
129
893
892
128
150
914
149
913
1920
2152
912
148
1759
147
911
146
910
909
145
934
169
933
932
168
167
931
1893
166
930
929
165
164
928
1883
1936
163
927
2384
954
1771
953
2107
952
188
187
951
186
950
949
185
948
184
947
183
182
946
2063
974
973
1935
2072
208
972
207
971
206
970
2103
969
205
967
203
2143
204
968
966
2188
1942
2296
994
993
2309
992
2012
1770
991
2023
224
988
225
989
990
226
987
2290
1800
2162
1907
1014
1013
1012
1011
1010
1009
1940
2394
2131
1033
1032
1031
2044
999
998
1726
997
1621
2126
2291
2166
1020
1019
1976
1018
1017
1685
1620
1727
1042
1756
1041
1043
1040
276
1039
275
1038
1619
274
1677
1728
1964
2069
2134
2386
1063
1064
298
1062
297
1061
1065
296
1060
1729
1738
1059
1669
1618
295
2282
1950
2071
1827
1852
2213
2392
1083
319
1084
1085
318
1082
317
1081
316
1080
2342
2301
1573
1848
2251
2220
2370
2401
2177
1873
339
1103
1104
1105
338
1102
1101
337
336
1100
1735
2357
1877
1705
1972
1617
2141
1536
1808
2249
2364
2376
2084
1846
2135
1125
1124
1123
359
358
1122
1121
357
1734
1120
1971
1875
1616
356
1706
2294
2258
1933
2088
1145
1144
1970
1140
1615
1876
1709
1733
376
379
1143
378
1142
1141
377
2169
1895
1975
2340
1164
1614
1732
396
1707
1878
1969
1160
397
1161
398
1162
1163
2057
2358
2210
1911
1613
1968
1180
1879
1710
1731
1184
1181
1183
1182
1764
2359
1894
2382
1925
1200
1967
1708
2293
1612
2343
1910
1201
1202
1203
2321
2353
1575
2356
2344
1219
1220
1221
2331
2076
305
1802
1761
327
326
324
325
1821
1743
2029
1805
1820
1898
348
347
344
345
346
342
343
2022
1797
2018
1934
1955
1912
2104
2425
364
2154
362
363
368
1129
365
361
366
1130
1131
367
1849
1845
1856
2402
2261
2160
383
2068
382
384
1148
381
385
1149
1957
386
1150
1151
387
388
2159
2001
2034
1977
1999
1785
401
1167
403
402
1168
404
1169
405
1170
406
1171
407
2363
408
2002
2253
1822
1926
1812
421
422
1987
1882
423
1187
1188
424
1858
425
1189
1190
426
427
428
2289
1831
1570
2090
1995
1528
2203
441
1988
442
2078
443
1207
1208
444
445
1209
446
1210
2259
2327
447
2226
1949
2111
448
1813
460
461
462
463
464
2091
465
2058
466
2059
2354
1908
482
2239
2164
483
1885
484
485
486
1965
2207
2204
503
504
505
394
1748
395
2007
2030
414
1660
415
1746
1953
433
434
1747
435
1664
2287
453
2000
454
2313
471
472
473
1659
1696
474
1594
2351
1918
492
493
494
2334
2250
1562
512
513
1645
2092
1557
514
2216
532
533
1595
534
1658
552
1665
553
161
947
182
946
181
945
944
180
943
179
942
178
1905
1935
967
203
204
968
202
966
201
965
200
964
199
963
198
962
1942
2297
1770
2023
224
988
989
987
223
986
222
985
221
2162
220
984
219
983
218
982
2185
1010
1874
1009
245
244
1008
1801
1786
1007
243
2394
2136
1003
239
1002
238
240
1004
242
1006
241
1005
1030
2099
2339
1029
265
1744
2302
2147
264
1028
2184
1027
263
1998
2270
1026
262
1022
259
1023
1025
261
1024
260
2255
1902
2038
1051
1050
285
1049
1048
284
2040
1047
283
1946
1046
282
1044
1045
1984
2076
1072
1914
1962
1071
1070
1069
2065
1068
1742
1067
1066
2375
1802
1761
2049
1092
1091
1090
1088
1089
1087
2174
2218
2029
1805
1820
1898
1111
1108
1109
1110
2018
1955
1130
1790
2008
2120
1864
1607
1318
1319
1320
1321
1322
1944
1323
1990
1606
1336
1865
1654
2017
2144
573
1337
574
1338
2276
1339
575
1340
1791
1341
1342
2116
2257
589
1866
1353
1605
1655
1823
1354
590
591
1355
592
1356
1985
593
1357
2227
2115
594
1358
1359
1867
1667
606
1370
1371
607
608
1372
1909
609
1373
610
1374
1941
1375
611
1376
1868
1386
1678
622
1387
623
1388
624
2118
625
1389
2101
2067
626
1390
2113
2149
1391
627
1392
1402
1869
1687
638
1393
2314
639
1403
2086
1404
640
641
1405
1406
642
1884
1407
643
1824
1408
653
1870
1417
1686
1890
654
1418
1903
2006
655
1419
2137
1420
656
1421
657
1857
1422
658
1691
1871
1432
668
669
1433
1423
2073
670
1434
671
1435
2138
2380
672
1436
1897
2399
1437
2275
1872
1693
683
1736
1447
2332
2280
684
1448
1438
685
1449
1450
686
2367
1451
687
2011
2346
2206
1789
1661
1452
2281
697
1461
2047
698
1462
2125
2391
2205
699
1463
2235
2347
1704
1464
1583
2100
1475
2247
1465
2328
2393
712
1476
2048
2372
1833
2233
1477
1478
1850
1578
1430
667
1547
1431
1529
680
1444
1445
681
1446
682
694
1458
1459
695
2292
1460
696
1580
708
1472
709
1473
710
1474
721
1485
2299
722
1486
723
1487
1596
724
1488
1499
735
1537
736
1500
737
1501
1886
738
1502
1937
1512
748
749
1513
1534
750
1514
1524
760
751
1515
1558
761
1525
1561
762
1526
763
1527
2002
2253
1822
421
422
423
424
1858
425
2121
2289
1831
1995
441
442
440
2078
443
1207
444
445
2259
2236
2226
1949
2111
460
1224
459
461
1225
462
1226
463
1227
1854
464
1228
2091
465
2323
2058
1947
1983
2059
479
2354
480
1908
481
1245
1246
482
483
1247
1885
1248
484
1249
485
2142
486
1965
499
500
1264
2207
1265
501
2171
1266
502
2204
503
1267
504
1268
2263
2377
2277
2173
2311
2336
505
1269
506
519
2288
520
1284
521
1285
522
1286
2389
2025
1287
523
1851
524
1288
2151
2035
1921
1289
525
2196
2097
539
2112
540
526
1305
541
1986
1306
542
1532
2274
2176
2120
1307
543
2374
2269
2124
544
1308
558
545
1309
559
560
1324
2192
546
561
1325
1853
2042
1992
2305
1990
1326
562
2017
2168
563
1327
1791
577
2244
578
564
2116
579
1343
1960
1823
580
1344
2079
581
594
595
582
596
2201
597
1826
2051
1818
598
1807
613
1426
1859
1440
1427
2108
677
1441
1455
1579
1792
2043
1889
2122
678
1442
1468
692
1456
1577
2349
2260
2198
2224
705
1469
1482
1530
1545
2004
2032
1470
706
1810
2199
2308
1548
1584
2128
2335
693
1457
2278
719
1483
1495
1989
1539
1541
1496
2252
1484
720
2237
1923
2316
694
2243
2348
733
1497
1508
2292
2306
745
1509
707
1471
2211
2273
746
1510
1598
1698
1839
1520
1535
1498
734
1840
1597
1521
1697
1956
1581
2150
721
758
1703
1522
2272
1585
747
1511
759
1928
2232
780
1676
16
1695
2193
1560
779
15
1684
33
1927
797
2230
1663
1682
14
778
1559
1711
796
32
1670
13
1556
1702
31
795
50
814
2231
1586
1929
2089
30
49
813
1924
2246
48
812
1567
2208
67
1930
1587
831
47
2350
66
830
2352
2200
65
2214
64
2145
1931
84
1588
1916
1546
83
2371
82
101
100
2413
1644
1646
774
1643
1647
10
2009
2209
2223
28
1649
1642
773
1763
9
791
27
2161
8
1641
2202
772
1650
790
26
7
1651
1769
1640
2158
771
2066
1652
1639
1768
6
770
5
769
1638
1767
25
789
808
44
1637
4
2055
768
2407
2014
788
24
43
807
2191
787
23
3
1843
1636
1554
1917
22
786
806
42
825
61
21
785
1565
2234
41
805
60
824
784
20
1832
804
40
1762
2283
39
803
1784
823
59
802
38
2075
37
801
842
78
58
822
57
821
77
841
2087
56
820
1804
55
819
2080
840
76
54
818
2156
75
839
838
74
95
73
837
858
94
72
836
857
93
71
856
92
2175
91
855
854
90
89
111
874
110
873
109
872
108
107
126
2151
2035
2112
1532
1307
2374
2124
1308
1309
2192
1310
1325
1853
2042
2305
1326
2168
563
1327
2244
1342
1328
564
1343
1329
1960
1823
580
1344
2079
2217
1345
581
2326
2398
1358
1359
1346
582
596
1360
2201
583
1347
1348
1909
1361
597
1826
2368
2051
1818
1362
598
2096
1807
1993
2123
1375
612
1376
1363
599
613
1377
600
1364
1365
614
1378
2101
615
1379
2113
2105
1391
2197
628
1392
2167
629
1393
1380
616
2325
1381
617
2086
2362
1394
630
1382
1765
631
1395
1884
1407
1952
1919
1408
644
645
1409
1903
632
1396
2228
1410
646
1397
633
1422
1411
647
2039
2268
2016
1423
659
2073
1412
648
1424
660
2082
1425
661
1897
2399
1437
1900
2222
1438
2373
1426
662
1859
1439
676
1440
663
1427
2062
1453
1454
2108
677
1441
1455
1579
1792
2043
1889
2122
1456
232
2304
252
251
2045
2020
2366
1689
273
1754
272
271
270
2360
1799
2031
2186
1775
1753
294
1680
293
292
291
1958
2139
2266
1913
2163
1681
1752
1776
315
314
313
312
1961
2117
1891
2187
2395
1829
1777
335
1683
1751
334
333
332
2114
355
1778
1750
1673
354
353
352
1915
1896
1887
2106
1783
2312
2133
373
372
374
1749
375
1674
1948
2052
393
394
1748
1675
395
2007
2030
414
974
973
2072
2103
995
994
993
2309
992
991
2290
1800
1016
2050
1015
1907
2045
1014
1013
1012
2020
1011
1940
2366
1966
1774
2131
1036
2041
1035
1034
1033
1032
1031
2044
2360
1799
2031
1775
1058
1680
2270
2148
2229
1057
1056
1055
1054
1053
1052
1958
2139
2266
1913
1819
1973
2163
2083
1681
1776
1079
1078
1077
1076
1074
1075
1073
1961
1891
2320
2187
2395
2065
1829
2019
2319
1777
1099
1683
1098
1097
1096
1095
1094
1093
1568
2318
2383
2248
1996
1803
1118
1117
1116
1115
1766
1114
1896
1887
2106
1783
2312
2130
1540
2355
2310
1137
1136
1138
1134
1569
1135
1892
1948
2194
1156
1157
1003
1002
1004
1744
2302
2147
1745
1021
257
1998
1020
1026
1022
258
259
1023
1025
1024
1902
2038
278
1042
1048
2040
1041
1043
279
1047
1946
1046
280
1044
281
1045
2069
1984
1533
2076
2134
2386
1962
1070
1069
299
1063
300
1064
1062
1068
1742
1065
301
1067
1066
302
2375
2282
1922
2071
1827
1945
2049
1090
1088
1089
1083
319
320
1084
321
1085
1082
1087
322
1086
1081
2218
1743
2029
1848
1820
2251
1898
2220
2177
1873
1111
1108
1109
1110
339
1103
340
1104
341
1105
342
1106
1107
1102
1101
1797
2018
2141
1938
1955
1536
1808
2249
2084
2104
1846
2135
1128
1126
362
1127
1129
361
1125
1124
360
1123
359
1130
358
1122
1121
1845
2294
1856
1933
2160
1147
383
2068
2088
382
1146
1148
1145
381
1149
1144
380
1957
379
1143
1142
1150
2054
2169
1895
2340
2001
1977
1999
1165
401
1167
403
402
1166
400
1164
1168
1162
399
1163
1169
1170
2002
2253
1822
1926
2057
1911
421
1185
1186
422
1184
1183
1182
1187
1188
1858
1189
2121
2289
1831
1925
1570
1995
1528
1205
1206
1204
1203
2078
1207
1208
2259
2236
2111
1224
1225
1928
780
1676
1927
797
2230
1663
796
795
50
814
2231
1586
1929
2089
49
813
1924
2246
48
812
1567
2208
67
1930
1587
831
811
2350
66
830
2352
2200
829
65
2214
828
64
2145
1939
848
1931
84
1588
1916
1531
1546
83
847
2371
846
82
845
81
1551
844
80
1589
1932
865
101
1566
2298
2010
100
864
863
99
862
98
861
97
882
118
1793
881
117
116
880
115
879
135
899
898
134
133
897
896
132
153
917
1590
916
152
2081
915
151
914
1591
936
935
2221
2109
1348
1349
1350
2096
1993
2036
2123
600
1364
601
1365
602
1366
1367
603
1943
1380
616
1381
617
1368
618
1382
1765
1952
1383
619
632
1396
1980
1384
620
1397
633
621
1385
2039
1398
634
2307
2268
1399
635
1412
648
2082
1400
636
649
1413
1788
1414
650
1426
1959
1760
651
1415
663
1427
1416
652
1441
664
1428
1563
1578
1429
665
1889
1430
666
678
1442
1577
667
1547
1431
2198
2224
1443
679
1529
1530
1545
680
1444
2032
1445
681
1548
1584
693
1457
1539
1541
694
1458
1459
695
2292
696
707
1471
708
1732
396
1707
2210
1613
1879
1710
1731
416
417
418
1764
436
1967
1708
1730
2293
1612
1910
437
438
439
2321
2353
2356
1881
2344
455
1219
456
457
2295
458
2331
1854
2242
1983
1688
475
1861
1239
1739
1611
2180
1240
476
2095
477
1241
479
478
480
2015
2021
1553
2024
2056
495
1679
1860
1259
1740
1610
1901
1260
496
2324
497
1261
498
499
500
2085
2119
2033
2277
1609
1668
1279
515
1862
1741
516
1280
2311
517
1281
2140
518
519
520
2132
1608
1671
535
1299
1863
536
1300
537
1301
538
2097
539
1790
540
2008
2240
2153
2120
554
1864
1653
1607
1318
1319
555
1320
556
557
558
1944
1990
572
1606
1336
1865
1654
2144
573
574
2276
575
576
2257
589
1866
1605
1655
590
591
592
1985
2227
1667
606
607
608
2292
707
1471
2211
708
1472
1498
1473
721
1485
1522
2272
722
1486
723
1487
1585
1499
735
747
1511
736
1500
737
1501
1886
1937
1512
748
759
1523
749
1513
1534
750
1514
1524
760
1558
761
1525
1561
762
1526
1177
1178
1179
1781
2155
2070
1197
1198
1782
1664
1199
2271
1216
1217
1218
2338
2264
1235
1234
1236
1237
1696
1238
1594
1855
1255
1256
1257
1258
1974
1275
1276
1277
1278
1712
1557
1794
2265
1295
1296
1297
1595
1713
1298
2093
2390
1315
1316
1555
1714
1317
2421
2415
1335
2322
2422
2420
1132
1130
1131
2397
2402
2160
1149
1957
1150
1151
1152
1153
2159
1542
1999
1785
1167
1168
1169
1170
1171
1172
1174
1173
2178
1926
1812
1987
1187
1188
1858
1189
1190
1191
1192
1194
1193
2289
1831
1570
2090
1995
1528
2203
1988
2157
1207
1208
1209
1210
2327
1211
2226
1949
2111
1212
1213
1214
2254
1813
1225
1226
1227
1228
1963
1229
465
2058
1230
2059
1231
1232
1233
2354
1908
2239
2164
2317
1247
1979
1248
1249
2315
1250
1251
1252
2207
2171
1253
1254
2204
1267
1538
2337
1268
2165
2377
2245
2336
1269
1270
1271
1272
1951
2389
1273
2025
1287
1288
2151
1888
2035
1289
2112
1290
1291
1532
1292
2274
1293
2374
2269
1308
2219
1309
1310
2042
2305
1311
1312
1328
1329
956
1592
955
2361
1593
976
975
974
2072
996
995
994
2304
1906
1016
1015
2020
1966
1037
1774
1689
1754
1036
1035
2360
1799
2031
1775
1058
1680
1057
1056
2139
2266
1681
1776
1079
1078
1077
1961
1891
2187
1777
1099
1683
1098
2410
1778
1119
1118
2409
840
839
838
859
858
94
857
93
856
92
2175
91
855
877
854
112
876
111
875
874
110
1795
873
109
872
108
894
871
107
129
893
870
892
128
127
891
890
126
125
889
1920
2152
912
1759
888
124
147
911
123
887
146
910
909
145
144
908
907
143
906
142
141
905
930
140
904
929
165
164
928
1936
163
927
926
162
161
925
924
160
1771
923
159
158
922
950
949
948
184
947
183
182
946
181
945
944
180
943
179
942
178
1905
941
1935
970
969
967
203
204
968
202
966
201
965
200
964
199
963
962
1942
2297
2023
988
989
990
987
223
986
222
985
221
2162
984
983
2185
1009
1008
1801
1786
1007
1006
1005
1804
2080
54
818
817
53
837
2102
72
836
52
816
835
71
2215
815
834
70
855
854
90
1543
833
69
2406
89
853
832
1630
1717
88
852
1899
87
851
872
108
2212
850
86
871
107
870
106
869
105
1629
85
1718
849
104
868
125
889
867
103
888
124
123
887
122
886
1628
866
102
1719
907
121
885
906
142
120
884
141
905
140
904
119
1627
883
1720
139
903
925
138
902
924
160
1796
901
137
923
159
158
922
1626
900
1721
921
157
944
156
920
943
179
155
919
942
178
2005
941
177
1625
918
1722
176
940
939
175
964
938
199
963
198
962
1772
937
197
961
1830
196
960
195
959
958
984
983
2077
218
982
217
981
980
979
1874
1003
1002
1001
1000
670
671
672
683
2280
684
685
686
687
2206
688
2281
697
689
698
1828
2205
699
1662
1704
700
711
2247
701
702
703
712
704
725
1672
1604
713
1994
714
2172
715
1850
716
717
726
2256
2300
2388
2341
2238
718
727
728
739
1603
1656
1834
729
730
2110
731
740
732
2064
2252
2284
741
1923
1809
742
1602
1666
1835
752
743
744
753
1836
1601
1657
745
754
1700
1837
1600
1699
1838
755
1599
1598
1698
756
757
1697
2190
489
490
491
492
2334
1978
2241
508
509
510
511
512
1954
513
1816
1755
1794
527
528
529
530
2013
531
2216
532
533
2183
2225
547
548
2093
549
550
2046
2390
2181
551
1991
552
1904
565
1665
553
566
567
568
2170
569
2109
570
583
584
1552
571
585
586
2096
2036
587
601
588
602
2195
603
1943
604
618
605
619
620
621
635
636
334
333
332
331
2114
355
354
353
352
351
350
1915
1896
1887
1783
2133
373
372
374
370
371
1749
375
1817
2052
1806
392
390
391
393
394
1748
395
2007
2127
1981
2030
411
412
410
413
414
415
1746
1880
1758
1953
431
432
430
433
2303
434
2369
1747
435
2287
452
450
451
453
1798
2000
454
2313
469
471
470
472
473
1918
491
492
493
494
2334
239
238
240
241
2184
263
257
262
258
259
261
260
1902
2038
285
278
284
277
279
283
1946
282
280
281
1533
2076
2386
1962
307
306
305
299
300
298
304
1742
301
303
302
1922
1945
327
326
324
325
319
320
321
318
323
322
1821
1743
1805
1898
2177
1873
347
344
345
346
339
340
341
342
343
338
2022
1797
2141
1536
2104
2135
364
362
363
365
361
360
359
366
358
367
1845
2261
383
2068
382
384
381
385
380
379
386
2169
2001
1977
401
403
402
400
404
399
405
2002
2253
421
422
420
423
424
210
209
208
207
206
2143
231
2296
230
229
228
2012
227
225
226
2050
251
1907
2045
250
249
248
247
246
245
1940
2366
272
2041
271
270
269
268
267
266
265
1799
2148
2229
293
292
291
290
289
288
1958
287
1913
286
1819
2163
314
313
312
310
311
309
308
2395
1829
334
333
332
331
330
329
2074
328
2114
1847
353
352
351
1766
350
349
348
1896
1887
1934
373
372
370
369
371
1817
391
