CLUSTEROFFSETS 561
1
13
20
40
63
71
86
97
108
117
134
150
151
160
166
186
196
204
214
219
227
249
251
258
268
275
281
293
315
337
346
357
365
371
387
392
400
405
411
419
425
430
441
453
458
468
483
501
509
514
519
534
543
552
557
573
578
585
591
606
613
623
634
644
657
671
678
683
688
689
698
706
718
730
743
751
757
762
770
784
789
798
804
810
829
840
854
859
876
890
896
897
901
906
913
918
925
933
941
948
963
977
978
984
995
1004
1011
1022
1035
1041
1051
1057
1062
1068
1074
1083
1097
1098
1103
1113
1114
1122
1130
1137
1143
1149
1167
1174
1179
1185
1192
1201
1211
1224
1233
1242
1247
1260
1267
1274
1289
1295
1300
1309
1310
1319
1326
1335
1348
1357
1371
1376
1386
1392
1400
1407
1412
1413
1420
1427
1434
1439
1446
1447
1455
1456
1467
1476
1482
1495
1507
1514
1523
1524
1525
1530
1533
1543
1550
1555
1562
1563
1568
1572
1580
1581
1591
1597
1614
1623
1631
1633
1643
1644
1650
1667
1668
1679
1687
1689
1694
1700
1701
1711
1713
1727
1735
1743
1755
1761
1770
1775
1777
1786
1790
1791
1792
1806
1811
1814
1815
1816
1831
1836
1841
1843
1844
1846
1863
1870
1874
1876
1886
1888
1892
1893
1898
1900
1903
1904
1908
1918
1919
1928
1929
1930
1935
1939
1947
1948
1961
1962
1963
1976
1977
1978
1979
1993
1994
1997
2000
2003
2008
2021
2029
2041
2056
2070
2082
2093
2102
2109
2120
2131
2139
2149
2153
2158
2167
2171
2181
2185
2188
2201
2212
2223
2234
2240
2242
2245
2249
2253
2264
2270
2280
2283
2299
2310
2317
2326
2329
2337
2347
2359
2369
2378
2387
2402
2405
2410
2418
2430
2436
2447
2457
2462
2472
2475
2482
2493
2498
2505
2512
2521
2529
2540
2546
2556
2565
2578
2586
2591
2600
2605
2614
2621
2628
2636
2644
2653
2657
2661
2671
2678
2687
2690
2697
2701
2709
2723
2734
2739
2750
2759
2776
2792
2796
2806
2814
2827
2831
2840
2847
2858
2863
2870
2881
2885
2891
2901
2909
2919
2924
2933
2943
2947
2954
2960
2967
2975
2982
2990
2998
3006
3010
3017
3024
3033
3040
3048
3055
3061
3068
3075
3085
3093
3101
3109
3115
3122
3128
3137
3145
3155
3167
3177
3190
3203
3217
3227
3241
3246
3255
3258
3264
3266
3275
3277
3286
3298
3307
3313
3318
3323
3334
3346
3357
3362
3374
3378
3385
3391
3400
3404
3409
3418
3429
3436
3439
3446
3453
3457
3464
3470
3478
3487
3497
3503
3505
3514
3524
3530
3538
3548
3550
3556
3568
3573
3581
3589
3599
3608
3614
3622
3632
3641
3649
3656
3665
3670
3674
3681
3691
3700
3709
3718
3732
3741
3751
3754
3758
3766
3774
3782
3793
3806
3809
3817
3824
3829
3836
3845
3854
3864
3867
3874
3879
3889
3898
3905
3908
3911
3915
3925
3933
3942
3949
3956
3963
3965
3969
3979
3988
3995
4004
4013
4021
4029
4041
4046
4052
4059
4066
4075
4084
4090
4097
4104
4110
4117
4126
4135
4140
4147
4154
4162
4168
4174
4183
4193
4200
4207
4215
4224
4232
4240
4245
4254
4263
4269
4278
4285
4292
4301
4309
4323
4331
4340
4351
4363
4374
CLUSTEINDICES 4374
2427
2421
1334
2415
1335
2322
2422
2426
1352
2381
1582
2195
2418
2174
2061
2420
2425
2154
2402
2159
2328
2393
1476
1489
2372
1833
2233
1850
2417
1490
2256
2379
1491
1503
2424
1834
2110
1504
1835
1516
2385
782
17
781
1572
2387
1814
1737
1982
2333
799
35
2416
2423
798
1632
1715
2102
52
816
1716
815
833
212
2365
2026
2419
2378
1564
232
2304
1670
2412
1648
2413
1644
793
792
2329
2037
2414
2330
809
2098
2285
2014
2312
1138
1779
1139
2286
1574
1948
2411
1158
1159
1780
1777
1099
2410
1778
1119
2312
2409
1779
1139
2286
1574
1203
2236
1222
1223
2408
1243
1244
2024
1263
1763
1641
2202
772
1769
771
789
2407
788
2191
1554
1917
806
1565
2234
805
1784
54
72
835
71
2215
70
1543
2406
89
853
88
852
87
2212
106
105
2405
2077
2182
215
1844
2404
235
2126
2166
1976
2219
2042
2046
2403
2221
2398
1060
1729
1059
1950
2213
2392
1080
2342
1573
2370
2401
1101
1100
2357
1972
1617
2364
2376
1120
1971
2222
674
675
689
690
2400
1792
704
1994
2260
1903
658
659
2399
673
2222
674
1828
1112
2396
2420
1132
1131
2397
2402
1151
1152
2159
1958
2163
312
2395
332
1800
2162
1010
1009
2394
1030
1029
2270
1872
1447
2332
1448
2367
2346
1661
1461
2047
1462
2391
2347
1583
1475
2328
2393
1476
1489
2372
2233
2417
2379
2390
2421
2207
2204
505
2389
2025
525
2269
700
2247
713
714
2172
2388
2238
727
728
2284
278
277
2069
2386
299
1827
1945
931
930
2384
951
950
2063
2320
2019
1096
1095
2383
2248
1996
1116
1115
2130
1540
2310
1969
1160
1161
2358
1613
1968
1180
1181
2359
1894
2382
1200
1967
1612
2343
1201
2353
1575
2356
2344
1219
1220
1870
1418
1419
1857
1691
1871
1432
1433
1434
2380
1872
1693
1447
2332
1448
1449
2367
2011
2346
1661
1461
1462
2354
2171
1268
2377
1269
2025
1288
2151
2035
1048
1984
1914
1070
1069
2375
2049
1090
1089
2029
1820
2025
1289
1290
2374
1309
1310
2042
2305
660
661
2222
2373
1859
676
2350
830
2200
829
2214
1916
1531
847
2371
846
1551
1566
2298
2010
864
863
1880
432
2369
452
2000
1960
2217
582
1826
2368
1993
599
2197
2050
251
2045
2366
271
1977
404
405
2363
424
425
1378
2101
2167
1393
2362
1394
1409
1410
1893
1592
1773
2361
1593
2072
1754
2360
2186
1753
2266
1568
2318
2248
1996
1117
1116
2106
2355
1137
1136
1892
1924
2208
66
2352
65
64
2145
1916
1546
83
82
81
2313
1659
474
2351
2250
2062
1454
1468
2349
1482
2004
1810
2278
1496
2348
1114
1540
2310
1134
1569
1133
1135
2194
2345
2003
1154
1153
1155
1542
1174
2100
1465
2048
1477
1478
1479
1850
1480
2341
2267
1491
1492
1493
1494
2110
2064
1505
1506
2294
1933
1144
1143
2340
1164
1163
2057
2185
1006
2339
1027
1998
1787
1216
2338
2264
1235
1230
2164
1979
2315
1250
1251
1252
1538
2337
2165
2245
1270
1271
1272
1291
2171
1266
1267
2173
2336
1286
1287
1921
2112
2043
1456
1470
2199
2335
1483
1989
1484
2243
1918
492
2334
512
1954
1200
1967
2343
2353
1575
2356
2344
1219
1220
2331
1861
1239
1240
1860
1259
1260
1882
446
2327
2226
465
1328
1329
2079
2326
1346
1347
1993
1818
2105
629
2325
645
1903
476
2095
477
478
2021
1553
2056
1901
496
2324
497
498
2033
517
518
2078
1224
1225
2323
2059
1245
1246
2210
1613
1879
1764
1894
1708
2293
1612
2321
2295
1077
1076
2320
2319
1097
1096
1568
2318
2248
1117
1116
2254
1963
1231
1232
2317
1979
2315
1252
1253
2165
2267
1810
1494
1495
1496
2064
2316
2348
1507
1508
1838
1839
1520
1941
1868
1387
1388
2067
1869
1687
2314
1403
1404
1824
1870
1418
1857
2142
500
2277
2311
520
521
2176
2063
2188
2309
2012
1800
692
1530
706
2308
1548
2307
2128
719
2237
1923
733
2306
746
1535
2150
1880
430
429
2303
449
450
1798
2060
1874
1002
1001
1000
1744
2302
2147
1745
1021
1022
1023
1043
1950
1827
1852
2342
2301
2251
2370
1877
1705
1617
2084
1846
2205
1662
1704
711
712
725
1672
1604
726
2300
739
1603
1656
1580
1474
2299
1487
1596
724
1488
1537
1905
202
201
2297
2185
1786
208
2143
2296
228
2050
1539
1541
694
1458
2292
707
1471
708
1844
1725
998
1726
997
1621
2126
2291
2166
1019
1018
1620
1727
1756
2103
993
2290
1013
2131
1822
1926
1186
1187
2289
1206
2078
1207
2111
1965
2207
503
2288
523
1986
1953
434
2287
453
2000
454
1637
2055
768
1843
1636
767
785
784
783
2283
802
1814
37
801
800
1804
2080
54
818
1040
2069
1062
1061
2282
1950
1827
1082
1081
1848
2370
1693
1736
2280
684
2367
2011
2206
2281
697
2047
698
2205
1704
2328
2179
2094
2279
1576
1959
2240
2153
1653
555
572
1654
2144
573
574
2276
589
1655
590
591
2227
606
607
1890
1420
1421
2073
1434
1435
1436
1437
2275
1449
1450
1451
1789
2125
1951
526
2274
2269
546
2042
2273
1703
1522
2272
1585
2070
1198
1782
2271
1218
632
633
2039
2268
648
2082
649
1974
1557
2265
1595
2093
1264
1265
2263
2173
1284
1285
1851
2239
487
488
2262
2241
507
508
1951
2022
1912
2261
385
386
2034
405
406
2253
2121
441
442
2078
2259
1947
1877
1617
2084
1846
1875
1616
1706
2258
1615
1876
1895
1975
1614
1878
2210
1944
1865
1337
1338
1339
2257
1866
1353
1605
1354
1355
1867
1371
1941
2255
1810
2252
2284
1809
1599
1598
2071
1848
2220
1103
1104
1808
2249
1124
1123
2294
1933
1682
795
1924
2246
2329
812
811
2214
1939
2192
1326
2244
1343
1823
1344
2051
2353
1220
1221
2242
1241
1242
2015
2024
1261
1262
2119
1789
1452
2062
1453
2125
2235
1465
1466
1467
2048
1480
1481
2267
2232
1676
16
33
2230
1663
33
2230
1663
50
2231
1586
49
2208
67
1587
2041
267
266
2229
288
1819
2105
630
1919
2228
646
1294
2225
1313
1314
2046
1991
1577
2224
679
693
1457
1541
774
2009
2223
773
1763
791
790
2066
807
1065
1067
1066
1088
1085
1087
1086
2218
1898
2220
1105
1106
1107
1938
2216
1584
1457
1471
2211
1498
1643
1647
10
2209
1649
1642
9
27
26
43
2203
1344
2079
1345
2201
1361
1826
2051
1362
1441
1442
1456
2198
1545
1470
2199
1584
521
522
2196
541
542
2176
1992
2193
779
1684
796
795
2089
1798
469
2190
489
490
1978
765
1841
2385
2189
1701
1633
764
782
17
781
1572
2387
1737
1982
2333
2416
798
1715
1078
1077
1891
2187
1098
1097
2318
242
241
2184
2038
1984
1816
530
531
2183
550
551
2013
549
2181
1904
567
568
2170
2344
2295
1688
1739
1611
2180
2021
1679
1610
2003
1154
1153
1542
1174
1173
2178
1987
1194
1193
319
318
2251
2177
1873
339
340
338
2141
1536
2135
359
358
858
94
857
93
2175
111
875
874
110
2135
2088
380
379
2169
2001
400
399
1911
1986
543
562
2168
580
1649
1642
2161
8
1641
1650
1651
1640
2158
25
24
2191
42
2154
1131
2160
1150
1151
2159
1999
1195
1194
2157
1787
1214
1215
1963
1832
804
1784
57
821
56
820
55
2156
838
74
73
837
72
91
2129
2146
1177
2155
2070
1197
1795
130
2152
148
147
624
2118
625
2067
2113
2149
640
641
1824
2148
2015
1901
2085
2119
1609
2140
1608
1790
2240
1775
1057
2139
2266
1776
1078
1891
2006
656
670
671
2138
2280
685
686
1789
2067
639
1824
653
1686
654
655
2137
1857
1691
668
669
2280
219
218
1801
2136
239
238
1744
2147
1902
1042
2040
1043
1044
2069
2134
1063
1064
1065
1066
2071
1084
1085
2220
1673
1783
2133
1674
1948
2024
1262
1263
2119
1282
1283
2132
1302
1303
2120
1817
390
389
2127
410
409
1921
1305
1306
2124
1324
1325
2017
1823
2221
2398
1348
2096
2036
2123
1365
1859
677
1889
2122
692
2117
2176
1992
1791
577
578
2116
594
1791
1356
1985
1357
2115
1909
1941
334
333
2114
354
353
1896
1783
1991
1332
1333
2109
1350
1900
1859
1440
2108
1455
1579
2043
2107
1743
342
2104
362
363
383
2068
382
2099
518
519
538
2097
539
1790
2153
2176
557
558
1990
494
2250
1562
1645
2092
514
533
534
1658
1949
462
2091
483
1885
1965
1169
1170
1188
1858
1189
1190
1570
2090
1995
1528
1988
1208
1209
1565
2234
1784
823
2075
822
2087
840
76
75
839
92
2101
1391
1392
2086
1884
1407
1408
2044
2270
1053
1052
2083
1074
1073
2065
2019
2081
2076
308
1802
2074
328
1934
2111
2058
2171
1938
1126
2294
1856
1146
1145
2054
1165
1166
2057
1815
861
97
860
2053
114
878
1896
373
2052
393
1981
1889
1530
1545
2032
1548
1584
693
2031
394
2007
2030
414
1953
153
2028
172
2027
1935
203
204
1770
2023
224
223
2162
2020
2049
1898
1108
1109
2018
1955
1128
1129
1856
1957
1919
1410
1411
2016
1425
1859
2085
1280
1281
1608
1299
1863
1300
1301
2008
1864
1607
1318
1319
1320
1944
1865
1337
138
157
156
920
2005
176
940
939
1830
1977
403
402
2002
2253
1822
422
423
1997
2129
458
459
1854
1947
1983
479
478
480
2056
499
1980
1055
1973
1077
1076
2320
1829
2357
1972
2364
2376
1120
1971
1616
1970
1140
1615
1141
1895
1614
1969
1160
2358
1968
1966
2166
255
254
1685
1756
276
275
1677
1964
1827
1852
260
2038
1946
282
281
1962
1922
1743
2266
1961
1840
1597
1956
2150
1703
1380
1395
1952
1919
1396
2039
1943
970
969
968
2188
1942
1770
989
990
1800
2162
2012
1940
736
1500
737
1501
1886
1502
1937
749
1513
1534
750
1514
1558
1525
1920
1759
145
928
1936
163
927
162
848
1931
1588
1589
1932
865
864
882
814
1586
1929
1567
1930
1587
831
2350
2200
848
1931
1588
1928
780
1676
1927
797
1663
1183
1182
1894
1925
1202
1203
2236
1221
1222
1750
354
1915
1783
374
1958
1913
1911
419
418
1764
1910
438
439
1881
1854
2354
1908
2164
2204
1907
1906
2102
816
1716
833
69
832
1630
1717
1899
87
850
86
1718
867
2073
1897
1900
2222
2062
2165
1888
2219
1887
1883
1861
1860
1259
1610
1260
2085
1609
1279
1862
1280
1608
1299
1863
1300
1864
1237
1696
1855
1258
1712
1986
2269
1853
2305
1960
1934
1849
1847
1845
2068
1843
1636
767
1635
766
1842
765
1841
1634
2385
784
19
783
18
782
2387
1814
2064
1506
1836
1518
1837
1600
1838
1858
1831
2226
1949
1825
2003
305
304
324
325
1821
1743
1805
344
345
364
1813
2239
2159
1999
1812
1988
1811
2051
1818
1807
2101
2105
1806
1981
2065
1803
2061
1799
1922
1797
2141
2068
120
1627
1720
138
1796
901
137
1626
1721
919
1794
2298
2010
863
862
98
1793
880
115
879
1788
1785
1780
1660
1179
1781
1782
1037
1774
1689
1775
155
1625
175
174
1772
1624
2077
1844
1771
1769
1640
771
1639
1768
770
769
1638
1767
788
787
786
1832
1766
1765
2066
2014
825
61
60
824
1762
2075
842
78
77
841
1815
1761
1760
1758
2330
2098
2285
1544
2014
827
826
62
1757
844
80
843
79
1815
1755
1753
1752
1751
1750
1749
1748
1746
1747
2313
1902
2040
1946
1742
1922
1739
495
1679
1740
496
2033
1668
515
1741
516
1671
535
536
275
274
1677
296
1738
1669
295
316
317
316
337
336
1735
1877
1705
357
1734
356
1706
1733
1734
1709
1733
376
377
1732
396
1707
1878
397
1710
1731
416
417
1730
1726
1017
1620
1727
1039
1038
1619
1728
1060
1729
1059
1618
2213
2392
1723
937
1624
957
1724
1623
1844
978
1725
977
1622
1726
1626
900
1721
919
1625
918
1722
938
1723
937
1624
1629
1718
849
1628
866
1719
1627
883
1720
1713
1555
1714
1317
2421
2415
2322
1695
1560
15
14
1559
1711
13
1556
1702
31
30
729
2284
741
742
743
1657
754
1700
1600
1699
755
1809
744
1699
755
1598
1698
756
1697
173
194
1623
1694
193
2182
214
213
1692
1690
1681
1777
1683
1673
1689
1775
1680
2266
1681
1867
1667
1941
1868
1678
622
2067
1869
1687
1674
1675
1780
1660
726
727
739
1656
740
741
1666
752
753
1657
1658
1665
553
571
1660
1782
1664
7
1651
1640
2158
1652
1639
6
5
1638
24
23
22
40
1549
12
11
1644
1646
1647
10
29
28
27
1550
1632
34
1715
52
51
1716
1631
69
68
1630
1717
1608
1864
1653
1607
1606
1865
1654
2144
1866
1605
1655
2238
1603
1656
1602
1835
1601
1696
1594
1590
1591
1592
1510
1521
1581
1522
1401
1416
1578
1431
1311
1312
1330
1331
2221
1571
2398
1347
1348
1349
1365
637
652
1563
667
1547
1529
749
1513
750
1514
1558
761
1525
1561
762
1526
1555
1552
2322
258
259
278
279
1946
280
281
1533
299
300
301
302
1922
1945
320
321
1268
1287
1288
2151
2112
1532
1307
1308
2192
1326
1327
1514
751
1515
762
1526
763
1527
1886
1512
748
1513
1534
1524
760
761
1525
1511
759
1523
1494
1506
1507
1508
1518
1838
1519
1520
1491
1492
2110
1504
1505
1506
1516
1836
1517
1518
1482
2278
1495
1496
2348
1497
1508
1509
1510
1520
1840
1521
1485
1486
1499
735
736
1500
1886
1512
748
1534
1459
1460
1472
709
1473
1474
722
1486
1487
1455
1579
1456
1469
2004
1470
2278
1483
1497
1449
1450
1451
1452
1462
2125
1463
1464
2100
1465
1466
1477
1478
1479
1492
1431
1446
1580
1430
1444
1445
1459
1460
1428
1429
1577
1443
1444
1457
1539
1458
1423
1424
1425
1900
1438
1439
1440
2062
1453
1454
1455
1468
1412
1413
1426
1427
1441
1442
1406
1407
1408
1420
1421
1422
1423
2073
1436
1437
1438
1402
1869
1403
1870
1417
1418
1871
1432
1433
1447
1399
1414
1415
1429
1430
1388
1389
1390
1404
1405
1406
1890
1419
1420
1421
1384
1400
1416
1382
1383
1397
1398
1399
1413
1414
1867
1370
1371
1372
1868
1386
1387
1388
1402
1869
1403
1368
1369
1385
1576
1401
1364
1365
1380
1381
1382
1396
1397
1362
1363
1378
1379
2167
1394
1395
1359
1360
1361
2051
1376
1377
2101
1392
1393
1358
1359
1374
1375
1376
1390
1391
1392
1355
1356
1357
1371
1372
1373
1374
1387
1388
1389
1390
1350
1351
1366
1367
1383
1384
1323
1324
1325
2017
1341
1342
1343
1358
1359
1360
1321
1322
1323
1339
1340
1341
1356
1357
1358
1299
1300
1864
1318
1319
1320
1336
1865
1337
1338
1866
1353
1354
1296
1297
1316
1317
2421
2415
1335
2422
1295
1296
1315
1333
1334
1283
1284
1285
1303
1304
1305
1322
1323
1324
1278
1297
1713
1298
1317
1272
1273
1274
1292
1293
1294
1312
1313
1314
1257
1258
1276
1277
1278
1296
1297
1255
1256
1274
1275
1276
1294
1295
1232
1233
1234
1253
1254
1255
1273
1274
1228
1229
2354
1248
1249
1250
1268
1269
1225
1226
1227
2059
1246
1247
1248
1267
1268
1237
1696
1238
1258
1217
1235
1236
1257
1192
1194
1193
1212
1213
1214
2254
1231
1232
1233
1191
1192
1210
1211
1212
1229
1230
1185
1186
1184
1205
1206
1204
1224
1223
1225
1179
1782
1199
1175
1176
1195
1196
1197
1216
1215
1158
2146
1178
1198
1152
1153
1171
1172
1173
1191
1192
1193
1148
1149
1957
1150
1167
1168
1169
1926
1187
1188
1189
1570
1995
1528
1122
1143
1142
1141
1161
1162
1163
1181
1183
1182
1202
1137
1156
1157
2146
1177
1108
1107
1128
1126
1127
1129
1147
1146
1148
1167
1166
1111
1109
1110
1955
1129
1130
1131
1149
1150
1085
2220
1104
1105
1106
1107
1938
1126
1127
1125
1124
1123
2294
1146
1145
1144
1165
2370
1102
1101
1100
2357
2364
2376
2084
1122
1121
1120
1971
1140
1142
1141
1161
1098
1118
2312
1138
1094
1093
1092
1114
1113
1112
2061
2310
1134
1133
1071
1070
1091
1090
2029
1111
1110
2396
1063
1064
1062
2071
1083
1084
1085
1082
1848
2220
1103
1104
1102
1058
1776
1079
1099
1055
1054
1053
1076
1074
1075
1096
1095
1094
1051
1050
1073
1072
2065
1093
1092
1047
1046
1045
1069
1068
1067
2049
1088
1089
1087
1108
1035
1057
1056
1055
1077
1028
1027
1050
1049
1048
1071
1070
2126
1021
1020
1019
1042
1041
1040
2069
1063
1062
1061
1016
1036
1035
1057
1014
1013
1035
1034
1033
1055
1013
1012
1011
2131
1033
1032
1031
1054
1053
1052
1006
1005
1027
1998
1026
1025
1048
1047
1003
1002
1004
2147
1023
1025
1024
1046
1044
1045
995
994
1015
1014
1035
988
989
987
2162
1009
1008
1007
1029
1028
980
979
978
1000
999
998
2126
1020
1019
1018
976
975
996
1016
972
971
993
992
991
1013
1012
966
965
987
986
985
1007
964
963
985
984
983
1004
1005
962
961
983
982
981
1874
1003
1002
954
953
975
974
973
995
994
948
947
946
967
968
966
988
987
940
939
961
1830
960
959
981
980
939
938
937
959
958
957
979
978
936
956
955
976
933
932
953
952
951
973
972
930
929
950
949
948
970
969
927
926
925
946
945
944
1905
966
965
924
923
944
943
942
964
963
923
922
921
942
941
940
962
961
917
916
936
935
934
955
954
898
897
916
915
914
934
896
895
914
913
912
932
931
894
893
912
911
910
930
929
893
892
891
1920
910
909
908
928
927
926
891
890
889
908
907
906
926
925
888
887
906
905
904
924
923
922
887
886
885
904
903
902
922
921
882
881
899
898
917
916
867
866
885
884
883
902
901
860
859
877
876
895
894
857
856
855
874
873
872
891
890
889
854
853
872
871
870
889
888
887
853
852
851
2212
870
869
868
887
886
885
829
2214
828
1531
846
845
1551
844
1566
2298
863
862
802
820
1804
819
818
837
836
835
854
853
800
2080
818
817
2102
816
835
2215
834
833
852
851
2212
797
796
814
1929
2089
813
812
1567
831
2350
830
2200
829
777
794
793
792
2329
811
810
2330
809
2098
2285
1544
827
826
774
792
791
809
2066
808
807
826
825
824
770
769
787
786
785
1832
804
803
802
821
820
1804
819
837
779
778
777
795
794
777
776
2412
2413
775
794
793
792
809
1535
2150
758
744
745
746
756
757
1697
747
759
1596
724
1537
737
1501
738
1502
750
751
1535
734
704
717
718
731
732
1923
733
744
745
702
715
716
717
729
730
731
1809
742
743
744
755
709
710
722
723
1487
1596
724
736
737
708
1472
721
1485
722
735
706
719
720
2237
1535
691
692
705
2128
719
674
688
689
690
702
703
704
1994
716
717
718
686
687
688
1828
700
701
702
714
2172
715
716
729
684
685
686
698
699
700
2247
712
713
714
727
681
695
696
709
710
653
668
669
683
1736
684
2206
697
698
1662
1704
711
667
1547
1529
682
665
666
679
680
681
694
695
663
664
678
1530
1548
693
656
657
658
671
672
673
686
687
688
647
648
662
677
635
650
651
665
666
627
628
629
643
644
645
1903
658
659
625
626
2113
627
641
642
643
2006
656
657
658
606
622
623
638
639
653
654
620
636
652
618
619
633
634
635
649
650
615
2197
616
630
631
646
647
604
605
621
637
600
601
616
617
618
632
633
597
598
614
615
2105
630
595
596
597
1818
612
613
628
629
594
595
610
611
612
626
2113
627
628
591
592
1985
593
608
609
610
624
625
626
586
587
602
603
619
620
588
605
566
567
568
2170
584
585
586
601
602
564
565
566
2217
582
583
584
599
600
601
563
1960
580
581
597
598
560
561
562
578
579
580
595
596
557
558
559
1990
575
576
577
592
593
594
551
570
550
551
568
569
586
587
517
536
537
538
2153
554
555
556
557
573
574
575
532
533
552
553
571
527
528
529
547
548
549
566
567
525
526
2269
544
545
546
563
564
519
520
521
539
540
541
2176
558
559
560
503
504
505
523
524
525
1986
543
544
493
494
513
514
532
533
491
492
1978
510
511
512
530
531
488
489
490
2241
508
509
510
528
529
530
486
487
2204
505
506
507
525
526
527
481
482
2142
1965
501
502
521
522
464
465
484
485
486
504
505
455
1688
475
1739
476
495
1740
496
515
454
473
474
494
1562
453
471
472
493
452
451
469
471
470
490
491
448
449
450
2060
467
468
469
488
489
490
447
448
465
466
467
2239
486
487
488
443
444
445
1949
462
463
464
483
484
441
442
443
460
461
462
481
482
483
437
438
439
1881
456
457
458
2095
477
479
478
1553
2056
498
421
420
419
441
440
439
458
460
459
396
1731
416
417
436
1730
437
455
456
476
415
435
2313
413
432
433
453
411
412
410
431
432
430
450
451
408
409
427
428
429
447
448
449
405
406
407
425
426
427
445
446
2068
382
381
380
401
402
400
2253
421
422
420
358
379
378
377
1975
397
398
399
1911
417
419
418
438
375
395
415
372
371
392
391
393
1981
411
412
368
369
388
389
407
408
409
367
386
387
406
407
364
365
383
384
385
403
404
351
350
349
370
369
371
390
389
391
347
345
346
2022
365
366
367
385
386
321
340
341
342
362
361
360
382
381
380
335
355
375
332
331
353
352
351
372
371
328
349
348
1934
368
303
324
323
322
344
342
343
364
362
363
310
311
309
331
330
329
351
350
349
307
306
327
326
347
346
2022
294
315
335
293
314
334
292
313
312
333
278
277
276
299
298
297
319
318
317
2251
270
269
292
291
290
1958
312
311
269
268
267
290
289
288
310
311
309
266
265
288
287
286
309
308
264
263
286
285
284
307
306
262
261
284
283
282
305
304
273
294
252
272
271
293
238
237
236
257
256
258
278
277
279
1946
213
1690
233
254
1685
253
275
274
1677
230
229
251
250
249
271
270
229
228
227
249
248
247
269
268
267
227
225
226
247
246
245
267
266
265
224
225
223
245
244
243
265
264
220
219
239
240
241
261
260
2038
2182
214
213
1692
235
234
1690
233
2166
255
254
1685
211
210
231
230
251
202
201
223
222
221
243
197
196
218
217
216
238
237
189
188
210
209
208
230
229
187
186
208
207
206
2143
228
227
226
185
184
206
205
204
2012
224
225
226
180
179
201
200
199
221
178
177
199
198
197
219
218
175
174
196
195
194
216
215
172
2027
192
191
212
2365
171
170
191
190
189
211
210
165
164
163
184
183
182
203
204
202
163
162
161
182
181
180
1905
202
201
150
170
169
168
189
149
148
168
167
166
187
186
142
141
161
160
159
180
179
141
140
139
159
158
157
178
177
136
155
1625
154
174
173
135
134
153
152
151
171
129
128
1759
147
146
145
165
164
163
128
127
126
1920
145
144
143
163
162
161
116
115
134
133
132
151
150
114
113
132
131
130
149
148
109
108
107
126
125
124
143
142
107
106
105
124
123
122
141
140
139
105
104
103
122
121
120
139
138
1628
102
120
119
1627
137
1626
136
101
100
118
117
135
95
94
113
112
111
1795
130
129
128
1546
83
82
81
100
99
98
117
116
79
78
1815
96
95
113
74
73
72
91
90
89
108
107
106
68
1630
1629
85
103
1628
102
67
66
84
1588
83
101
100
2037
47
46
45
64
1939
63
62
80
1917
42
41
60
59
58
76
75
19
1814
37
36
35
2080
54
53
2102
52
71
2215
70
1543
32
31
49
48
47
65
64
1546
1647
28
27
45
44
43
62
61
60
5
23
22
21
1832
40
39
38
57
56
55
1637
4
3
1636
1635
2
21
20
19
38
37
36
1635
2
1841
1
1634
0
1633
19
18
17
35
