CLUSTEROFFSETS 424
2
4
6
8
9
10
13
17
20
21
23
28
33
36
38
40
41
43
44
48
53
59
61
62
63
64
65
67
70
74
80
81
82
83
84
88
93
99
100
101
102
103
106
108
113
118
122
123
124
125
126
127
131
135
141
147
148
149
150
151
152
154
157
159
164
169
170
171
172
173
175
177
179
182
187
188
189
190
191
193
196
201
208
213
214
215
216
217
220
223
227
232
233
234
235
236
238
241
244
248
254
260
261
262
264
267
270
273
276
281
286
291
292
293
294
298
301
304
309
314
315
316
317
319
322
326
329
332
336
341
346
352
353
354
355
357
361
364
369
374
379
383
385
386
387
391
394
398
401
405
409
414
419
424
425
426
429
433
436
440
445
449
454
457
458
460
461
463
467
471
473
476
479
482
486
491
495
497
499
502
507
509
510
514
518
523
527
528
531
535
538
541
546
550
554
558
561
563
566
569
572
576
579
584
588
592
597
600
603
606
609
613
616
620
625
630
633
635
638
641
644
647
650
653
658
663
668
671
673
676
681
684
688
692
697
702
706
709
712
715
718
722
725
728
733
738
743
747
750
753
758
761
763
766
771
776
781
786
789
792
796
800
801
802
804
808
812
817
821
825
827
830
834
839
840
841
843
846
850
854
857
858
860
863
867
871
872
873
875
878
882
885
888
889
890
891
894
898
902
903
905
908
911
913
916
918
919
920
921
925
929
933
936
937
938
940
942
945
948
949
950
951
953
956
960
965
968
970
973
976
977
978
979
980
981
982
983
988
993
997
1000
1002
1005
1006
1007
1008
1009
1010
1011
1014
1019
1023
1026
1030
1032
1035
1036
1037
1038
1039
1040
1044
1049
1052
1056
1059
1062
1064
1066
1068
1069
1074
1079
1083
1087
1090
1093
1095
1098
1102
1106
1109
1113
1116
1119
1122
1125
1128
1131
1136
1140
1144
1147
1150
1153
1156
1159
1164
1168
1171
1174
1177
1180
1183
1187
1192
1196
1200
1203
1207
1210
1213
1218
1223
1225
1227
1230
1233
1235
1238
1242
1246
1249
1251
CLUSTERINDICES 1251
751
763
750
762
749
761
748
760
759
758
745
756
757
743
754
755
756
741
752
753
747
733
746
731
743
744
745
756
729
741
742
743
754
727
740
741
726
739
737
738
736
735
748
734
718
731
732
745
716
729
730
731
743
714
715
727
728
729
741
711
725
724
723
722
721
706
720
705
719
733
703
716
717
731
699
700
712
713
714
727
710
709
708
707
690
703
704
718
688
701
702
703
716
684
685
697
698
699
712
696
695
694
693
677
692
706
676
691
674
688
689
690
703
672
686
687
688
701
668
683
684
697
682
681
680
679
678
660
674
675
690
658
672
673
688
656
670
671
672
685
686
654
655
668
669
670
684
667
666
665
664
663
662
677
646
661
676
659
674
642
656
657
658
672
638
639
653
654
668
652
651
650
649
632
648
631
647
629
645
628
643
644
625
640
641
642
656
637
636
635
634
617
633
614
630
646
611
626
627
628
643
608
609
623
624
625
639
640
606
607
622
623
638
621
620
619
618
599
616
632
598
615
631
596
612
613
629
593
609
610
611
626
605
604
603
602
584
601
583
600
617
580
597
614
578
594
595
612
575
591
592
593
608
609
573
589
590
591
606
607
588
587
568
586
567
584
585
564
582
599
563
581
598
561
579
596
559
576
577
578
594
556
573
574
575
591
554
555
572
573
589
571
570
569
547
566
567
584
546
565
583
543
562
580
541
559
560
561
578
539
557
558
559
576
553
552
551
530
550
529
549
568
528
547
548
567
525
545
564
524
544
563
522
541
542
561
520
539
540
541
559
518
537
538
539
557
516
535
536
537
554
555
534
533
532
511
531
507
526
527
547
503
523
543
501
520
521
522
541
499
518
519
520
539
497
516
517
518
537
495
515
516
535
494
514
513
512
490
509
510
530
488
508
528
486
506
507
526
485
505
525
484
503
504
524
482
501
502
522
480
499
500
501
520
478
497
498
499
518
476
495
496
497
516
493
492
470
491
511
468
489
490
509
466
487
507
462
483
484
503
460
480
481
482
501
458
479
478
499
456
476
477
478
497
475
476
495
474
473
494
472
452
471
450
468
469
490
448
466
467
488
465
486
445
464
485
444
463
484
442
461
482
440
460
459
480
438
456
457
458
478
436
455
456
476
434
454
433
453
431
451
470
429
448
449
450
468
427
447
446
423
443
444
462
421
441
442
460
419
440
438
439
458
417
436
437
456
435
412
432
452
410
430
429
450
408
428
448
406
425
426
404
423
424
425
444
402
422
423
442
400
420
419
440
398
419
418
438
396
416
436
395
415
394
414
434
393
413
433
391
411
431
389
410
409
429
387
407
427
385
404
405
406
425
403
402
404
423
381
401
400
421
379
400
398
399
419
377
397
417
372
392
412
370
390
410
368
388
408
366
385
386
406
383
384
385
362
383
382
381
360
381
380
379
400
358
379
378
377
398
356
376
396
375
395
354
374
394
353
373
393
351
371
391
349
369
389
347
367
387
345
364
365
343
364
362
363
383
341
362
361
360
381
339
360
359
358
379
337
357
377
335
355
332
352
372
330
351
350
349
370
328
348
368
326
345
346
366
324
344
343
364
322
341
342
343
362
320
339
340
341
360
318
339
338
358
316
336
356
314
334
354
313
333
353
311
331
351
309
330
329
349
307
327
347
305
325
345
303
324
323
322
343
301
320
321
322
341
299
319
320
318
339
297
318
317
337
294
315
335
291
312
332
289
310
311
309
330
287
308
328
306
326
304
303
324
281
301
303
302
322
279
299
300
301
320
277
299
298
297
318
275
297
296
295
316
272
293
314
271
292
313
269
290
289
311
267
289
288
309
286
285
284
283
261
283
282
281
279
280
281
301
257
278
277
279
299
255
277
276
297
253
275
274
295
273
294
250
270
291
248
269
268
289
246
267
266
265
287
264
263
262
261
259
261
260
257
258
259
279
236
257
256
277
234
254
275
252
251
271
229
249
248
227
247
246
267
225
246
245
244
243
242
240
241
239
238
240
238
237
236
257
215
235
255
213
233
253
232
231
230
208
228
248
227
225
226
246
204
224
225
223
222
221
220
220
219
218
197
218
217
216
236
194
214
234
192
212
211
210
209
208
207
206
227
206
205
204
225
183
203
204
202
181
202
201
200
199
178
198
176
196
175
195
215
173
193
213
191
190
189
188
187
187
186
185
165
184
183
204
163
183
182
181
202
161
181
180
160
179
158
177
197
155
174
194
172
171
170
169
168
167
166
146
165
164
163
183
144
163
162
161
181
141
159
158
178
139
157
176
156
175
136
154
173
153
152
151
150
149
148
130
147
165
128
146
145
144
163
126
144
143
161
125
142
160
123
141
140
158
121
138
120
137
155
135
134
133
132
131
112
129
128
146
110
128
127
126
144
107
124
141
105
122
121
139
102
119
136
101
118
117
99
116
98
115
97
114
113
94
112
111
110
128
92
110
109
108
126
89
106
105
123
87
105
104
121
86
103
120
83
100
117
79
96
78
95
112
76
93
92
110
74
92
91
108
73
90
107
71
88
87
105
68
85
102
67
84
101
65
82
99
64
81
98
63
80
97
60
77
94
58
76
75
74
92
55
73
72
89
53
71
70
87
52
69
86
49
66
83
45
62
79
44
61
78
42
59
76
40
58
57
56
74
37
54
53
71
34
51
68
33
50
67
31
48
65
30
47
46
26
43
60
24
41
40
58
22
40
39
38
56
19
37
36
53
18
17
35
52
15
32
49
12
30
29
28
10
27
44
8
25
42
6
24
23
22
40
4
22
21
20
38
16
33
14
31
13
12
30
12
11
28
9
26
7
6
24
6
5
4
22
4
3
2
20
2
1
18
0
17
