CLUSTEROFFSETS 217
4
9
11
12
17
24
30
35
41
46
47
52
62
73
80
84
87
97
104
107
111
120
130
135
144
154
156
163
167
171
176
186
195
204
211
214
219
225
230
236
244
246
255
264
273
278
284
291
297
304
307
316
325
334
338
344
352
358
363
371
374
376
385
394
404
411
419
426
432
440
444
450
456
465
475
482
489
498
507
515
521
527
535
544
555
559
566
575
583
592
595
602
610
619
630
638
640
644
652
661
670
673
680
688
698
709
712
716
725
733
740
749
752
756
762
771
779
782
786
795
803
812
822
833
836
842
851
860
863
867
876
884
892
902
907
911
918
927
936
938
944
952
960
966
974
982
985
993
999
1006
1014
1021
1026
1034
1042
1048
1054
1058
1066
1074
1081
1088
1095
1102
1109
1115
1122
1127
1132
1137
1145
1154
1162
1169
1176
1183
1189
1196
1203
1210
1219
1227
1235
1244
1250
1255
1260
1263
1271
1276
1284
1293
1302
1310
1317
1323
1330
1337
1344
1351
1360
1369
1378
1383
1387
1394
1403
1409
1417
1425
1433
1442
1451
1453
1458
1465
1470
CLUSTERINDICES 1470
750
751
762
763
749
750
760
761
762
747
759
758
744
745
746
756
757
730
742
743
744
754
755
756
740
741
742
752
753
754
735
736
748
749
760
725
726
727
739
740
752
724
737
738
750
751
734
719
732
733
745
746
716
717
718
730
731
732
743
744
745
756
701
714
715
716
728
729
730
741
742
743
754
709
710
722
723
724
736
737
708
721
722
735
706
719
720
698
699
700
712
713
714
726
727
728
740
683
697
698
711
712
725
726
693
694
707
691
692
705
719
675
689
690
691
703
704
717
718
732
687
688
689
701
702
703
715
716
717
730
681
695
696
709
710
670
671
672
685
686
687
699
700
701
668
669
670
683
684
685
697
698
699
712
667
682
665
666
679
680
681
694
695
663
664
678
693
662
663
677
692
660
661
675
676
691
658
659
660
673
674
675
688
689
690
703
641
642
643
656
657
658
671
672
673
639
640
641
654
655
656
669
670
671
638
639
653
654
668
669
683
636
652
667
635
650
651
665
666
633
634
649
650
663
664
632
633
648
662
663
630
631
646
647
661
662
628
629
630
644
645
646
659
660
621
637
610
611
612
626
627
628
642
643
644
608
609
610
624
625
626
640
641
642
606
607
608
622
623
624
638
639
640
603
604
620
635
636
602
603
618
619
634
635
600
601
616
617
618
632
633
598
599
614
615
630
631
595
596
597
612
613
628
629
588
605
621
576
577
578
593
594
595
610
611
612
574
575
576
591
592
593
608
609
610
572
573
574
589
590
591
606
607
608
569
587
603
604
568
569
585
586
602
603
565
566
567
583
584
585
600
601
564
565
582
583
599
600
563
580
581
597
598
560
561
562
578
579
580
595
596
552
553
571
551
570
539
540
541
558
559
560
576
577
578
537
538
539
556
557
558
574
575
576
516
535
536
537
554
555
556
572
573
574
529
530
531
549
550
568
569
527
528
529
547
548
549
566
567
526
527
545
546
547
564
565
524
525
543
544
545
563
521
522
541
542
543
560
561
562
514
533
534
553
512
513
532
533
551
552
503
504
522
523
524
543
499
500
501
519
520
521
539
540
541
478
497
498
499
517
518
519
537
538
539
475
495
496
515
516
535
536
491
492
510
511
512
530
531
488
489
490
508
509
510
528
529
530
486
487
488
506
507
508
526
527
528
485
486
504
505
506
524
525
526
481
482
501
502
521
522
473
474
493
494
513
514
462
463
464
483
484
485
503
504
458
460
459
479
480
481
499
500
501
437
455
456
457
476
477
478
496
497
498
517
453
471
472
493
452
451
469
471
470
490
491
448
449
450
467
468
469
488
489
490
447
448
465
466
467
486
487
488
441
442
443
460
461
462
481
482
483
434
454
473
426
427
445
446
447
464
465
423
424
425
443
444
445
462
463
421
420
419
441
440
439
458
460
459
398
417
419
418
437
438
439
456
457
458
478
396
416
417
436
437
455
456
476
415
435
413
432
433
453
411
412
410
431
432
430
450
451
408
410
409
428
430
429
448
449
450
401
403
402
421
422
423
441
442
443
394
414
434
387
388
406
407
408
426
427
385
386
404
405
406
424
425
426
360
381
380
379
401
400
399
421
420
419
357
376
378
377
396
397
398
416
417
418
437
375
395
415
373
392
393
413
372
370
371
392
390
391
411
412
410
370
369
388
390
389
408
410
409
364
365
383
384
385
403
404
342
362
363
361
383
382
381
401
402
354
374
394
348
368
369
388
347
346
366
367
386
387
339
340
338
360
359
358
380
379
378
316
337
336
357
356
376
377
396
335
355
375
333
353
352
373
332
331
330
352
351
350
372
370
371
330
329
328
350
349
348
370
369
326
324
325
344
345
346
364
365
366
303
324
323
322
344
342
343
364
362
363
301
320
321
322
340
341
342
362
361
360
381
314
334
354
307
306
327
326
347
346
299
300
298
319
320
318
339
340
338
298
297
296
318
317
316
338
337
336
294
315
335
292
313
312
333
291
290
289
312
310
311
332
331
330
289
288
287
310
309
308
330
329
284
283
306
305
304
326
324
325
282
280
281
301
303
302
321
323
322
342
275
274
296
295
316
272
293
292
314
265
264
287
286
285
308
307
257
258
259
278
279
280
299
300
301
257
256
255
278
277
276
299
298
297
273
294
251
250
272
271
270
292
249
248
270
269
268
291
290
289
248
247
246
268
267
266
289
288
242
264
263
262
285
284
240
241
262
261
260
283
282
281
234
233
255
254
253
276
275
274
232
252
272
224
225
226
246
245
244
266
265
223
222
244
243
242
264
219
218
239
238
240
259
260
217
216
238
237
236
257
256
258
215
214
236
235
234
256
255
211
210
231
230
251
209
208
230
229
228
250
249
248
207
206
228
227
226
248
247
246
200
222
221
220
242
241
193
214
213
234
233
253
192
191
212
232
185
184
206
205
204
224
225
226
184
183
182
203
204
202
224
223
182
181
180
202
201
200
222
179
178
200
199
198
220
219
177
176
198
197
196
218
217
175
174
196
195
194
216
215
171
170
191
190
189
211
210
168
189
188
187
209
208
167
166
187
186
185
207
206
154
174
173
194
193
153
172
171
192
191
150
170
169
168
189
147
146
166
165
164
185
184
183
146
145
144
164
163
162
183
182
181
144
143
142
162
161
160
181
180
141
140
160
159
158
179
178
139
138
158
157
156
177
176
137
136
156
155
154
175
174
135
134
153
152
151
171
132
131
150
149
148
168
167
116
115
134
133
132
151
150
113
112
131
130
129
148
147
112
111
110
129
128
127
146
145
144
110
109
108
127
126
125
144
143
107
106
125
124
123
142
141
140
106
105
104
123
122
121
140
139
138
103
121
120
119
138
137
101
100
118
117
135
97
115
114
132
131
85
102
119
83
82
81
100
99
98
117
116
79
78
96
95
113
77
76
95
94
93
112
111
110
76
75
74
93
92
91
110
109
108
74
73
72
91
90
89
108
107
106
71
70
89
88
87
106
105
104
52
69
68
87
86
104
103
67
66
84
83
101
100
64
63
81
80
79
98
97
48
66
65
64
83
82
81
46
45
44
63
62
61
79
44
43
61
60
59
78
77
42
41
40
59
58
57
76
75
74
40
39
38
57
56
55
74
73
72
38
37
36
55
54
53
72
71
70
34
52
51
69
68
33
50
49
67
31
30
48
47
46
64
63
1
19
18
17
36
35
34
53
52
15
33
32
31
49
48
13
12
11
30
29
28
46
45
11
10
28
27
26
45
44
43
9
8
26
7
25
24
42
41
7
6
5
24
23
22
41
40
39
5
4
3
22
21
20
39
38
37
16
33
15
14
13
31
30
3
2
1
20
19
18
36
1
0
18
17
34
