CLUSTEROFFSETS 99
8
17
22
34
52
56
72
82
111
123
133
139
173
179
199
219
231
242
269
275
289
305
337
347
366
383
390
405
422
445
477
485
496
518
538
559
578
608
618
639
668
684
705
726
751
759
789
804
824
847
864
882
890
918
934
952
970
1002
1020
1028
1047
1070
1086
1105
1132
1156
1178
1189
1208
1227
1244
1258
1276
1294
1313
1336
1343
1363
1378
1388
1404
1427
1447
1467
1480
1496
1515
1532
1556
1581
1602
1614
1634
1652
1673
1698
1718
1724
1738
CLUSTERINDICES 1738
737
738
749
750
751
761
762
763
735
736
748
759
749
750
760
761
762
720
733
746
734
758
718
719
731
732
743
733
744
745
755
746
756
757
714
715
716
727
728
729
730
731
740
741
742
752
743
744
753
754
755
756
721
735
747
759
697
698
699
711
712
725
713
714
726
727
728
739
740
741
752
753
709
710
722
723
724
736
737
738
750
751
673
674
675
687
688
689
690
691
700
701
702
703
704
714
715
716
717
718
728
729
730
731
732
742
743
744
745
755
756
679
680
694
695
696
707
708
709
721
722
723
735
662
677
678
692
705
706
719
720
733
734
664
678
679
693
694
707
641
642
654
655
656
657
658
669
670
671
672
673
683
684
674
685
686
687
688
697
689
698
699
700
701
702
712
713
714
715
716
727
728
729
652
667
681
682
696
710
630
645
646
647
659
660
661
674
662
675
676
689
690
677
691
704
692
705
718
719
622
623
638
639
640
653
654
655
656
668
669
670
671
683
684
685
697
698
699
711
635
636
650
651
652
665
666
667
679
680
681
695
632
633
648
649
650
662
663
677
664
678
692
595
596
610
611
612
613
626
627
628
629
641
642
643
644
645
646
656
657
658
659
660
672
673
674
675
688
689
605
621
636
637
652
667
601
602
617
618
619
632
633
634
635
648
649
650
651
664
597
598
599
614
615
616
617
630
631
645
632
646
647
648
661
662
575
576
590
591
592
593
594
607
608
609
610
611
612
622
623
624
625
626
627
638
639
640
641
642
643
654
655
656
657
658
670
671
587
603
604
619
620
621
635
636
651
652
572
573
574
575
589
590
591
592
606
607
608
609
622
623
624
638
639
640
653
564
565
566
582
583
584
585
599
600
601
602
615
616
617
618
632
633
570
571
587
588
604
605
621
548
549
550
566
567
568
569
584
585
586
587
601
602
603
619
524
543
544
545
562
563
564
579
580
581
582
596
597
598
599
614
615
521
522
540
541
542
558
559
560
561
562
576
577
578
579
580
593
594
595
596
610
611
612
613
497
498
499
516
517
518
519
520
536
537
538
539
540
554
555
556
557
558
559
560
572
573
574
575
576
577
590
591
592
593
608
609
513
514
532
533
534
552
553
571
511
512
530
531
532
550
551
552
569
570
587
506
507
508
525
526
527
528
529
545
546
547
548
549
564
565
566
567
568
582
583
584
585
475
476
495
496
497
515
516
517
518
535
536
537
538
554
555
556
572
573
574
589
462
482
483
484
501
502
503
504
505
521
522
523
524
541
542
543
544
561
562
563
580
468
469
470
488
489
490
491
492
508
509
510
511
512
528
529
530
531
549
550
440
439
457
458
460
459
461
479
478
480
481
482
498
499
500
501
502
518
519
520
521
522
538
539
540
541
542
558
559
560
454
472
473
474
493
494
513
514
533
534
446
447
448
449
465
466
467
468
485
486
487
488
489
505
506
507
508
509
526
527
528
416
417
418
436
437
438
439
455
456
457
458
475
476
477
479
478
495
496
497
498
499
515
516
517
518
519
536
537
538
431
432
433
452
451
453
469
471
470
472
490
491
492
493
511
512
424
425
426
427
443
444
445
446
447
462
463
464
465
466
483
484
485
486
504
505
506
411
410
409
428
431
432
430
429
448
449
452
450
451
467
468
469
470
488
489
490
491
382
401
403
402
400
404
421
422
420
423
424
441
442
440
443
444
460
459
461
462
463
481
482
483
502
395
414
415
434
435
454
473
474
360
359
358
381
380
379
378
377
401
400
397
398
399
421
420
417
419
418
437
441
440
438
439
457
458
460
459
479
478
480
373
372
374
392
393
394
411
412
413
414
432
433
434
452
453
368
369
387
388
390
389
406
407
408
410
409
426
427
428
430
429
446
447
448
449
364
365
366
367
383
384
385
386
387
403
404
405
406
407
423
424
425
426
427
443
444
445
446
337
336
357
356
376
378
377
396
397
398
416
417
418
436
437
455
456
352
351
350
372
370
369
371
392
390
389
391
411
412
410
409
431
432
430
335
355
354
374
375
394
395
415
304
303
302
324
325
321
323
322
344
345
340
341
342
343
364
362
363
365
361
360
383
382
384
381
385
401
403
402
314
313
312
334
333
332
354
353
352
351
373
372
374
371
392
393
310
309
308
331
330
329
328
351
350
349
348
368
370
369
371
388
390
389
307
306
328
327
326
325
348
347
345
346
368
365
366
367
385
386
387
388
278
277
299
300
298
297
301
319
320
321
318
322
317
339
340
341
342
338
337
361
360
359
358
357
381
380
379
378
377
400
398
399
253
276
275
274
298
297
296
295
318
317
316
338
337
336
357
356
376
377
273
294
293
315
314
335
334
355
270
269
268
291
290
289
288
313
312
310
311
309
332
331
330
329
352
351
350
263
262
261
285
284
283
282
307
306
305
304
303
327
326
324
325
323
344
345
346
364
365
366
251
250
272
271
270
269
293
292
291
290
314
313
312
334
333
332
247
246
245
268
267
266
265
264
289
288
287
286
310
309
308
307
330
329
328
239
240
262
258
259
261
260
278
279
283
282
280
281
299
300
304
301
303
302
324
320
321
323
322
341
342
343
218
217
216
215
239
238
237
236
235
257
256
258
259
260
255
278
277
279
276
280
299
300
298
301
194
193
215
214
213
236
235
234
233
256
255
254
253
277
276
275
274
298
297
296
295
317
212
211
232
231
252
251
273
272
271
294
293
209
208
230
229
228
227
251
250
249
248
247
271
270
269
268
267
291
290
289
205
203
204
202
224
225
226
223
222
246
245
244
243
242
266
265
264
263
286
222
221
220
219
243
239
240
242
241
263
262
259
261
260
284
283
282
170
191
190
189
188
211
210
209
208
231
230
229
251
250
167
188
187
186
185
209
208
207
206
205
229
228
227
225
226
248
247
246
163
162
161
160
183
182
181
180
179
203
202
201
200
199
223
222
221
220
160
159
158
157
179
178
177
176
200
199
198
197
196
220
219
218
217
239
238
137
156
155
154
176
175
174
173
197
196
195
194
193
217
216
215
214
237
236
235
234
256
255
172
171
192
191
212
211
232
147
146
145
166
165
164
163
186
185
184
183
182
206
205
203
204
202
224
225
223
133
152
151
150
149
171
170
169
168
167
190
189
188
187
209
118
135
134
153
152
151
172
171
170
191
114
113
132
131
130
129
149
148
147
146
168
167
166
165
186
185
111
110
109
108
129
128
127
126
125
146
145
144
143
142
164
163
162
161
160
183
182
181
180
108
107
106
105
125
124
123
122
143
142
141
140
139
161
160
159
158
179
178
177
86
105
104
103
123
122
121
120
140
119
139
138
137
158
157
156
155
177
176
175
85
102
120
119
137
136
156
155
154
175
174
173
194
84
83
82
101
100
99
98
118
117
116
115
135
134
133
152
151
79
78
77
76
96
95
94
93
113
112
111
110
130
129
128
127
147
146
145
64
63
62
82
81
80
79
99
98
97
96
116
115
114
113
132
131
41
59
58
57
77
56
76
75
74
73
94
93
92
91
90
111
110
109
108
107
128
127
126
125
38
37
56
55
54
53
74
73
72
71
70
91
90
89
88
87
108
107
106
105
104
124
123
122
140
18
17
36
35
34
53
52
71
51
70
69
68
88
87
86
105
85
104
103
121
120
33
32
50
49
67
66
65
84
83
82
101
100
10
29
28
27
46
26
45
44
43
63
62
61
60
80
79
78
77
96
95
94
15
14
32
13
31
30
49
29
48
47
46
66
65
64
63
83
82
81
9
8
26
7
25
44
24
43
23
42
41
60
40
59
58
57
77
76
75
74
93
7
6
5
4
24
23
3
22
21
41
20
40
39
38
37
58
57
56
55
54
74
73
72
71
90
4
3
2
1
21
0
20
19
18
17
38
37
36
35
54
34
53
52
71
70
16
15
33
32
50
49
14
13
12
11
31
10
30
29
28
27
47
46
45
44
