CLUSTEROFFSETS 140
5
12
14
17
26
38
45
54
61
68
76
92
113
118
125
131
152
156
163
171
186
205
219
224
230
239
249
265
286
292
300
312
325
336
352
357
363
374
392
406
419
438
443
451
468
481
494
507
514
522
535
547
568
572
582
594
608
620
635
653
669
687
692
703
717
727
739
754
769
787
797
803
814
825
836
852
872
884
902
912
922
933
945
956
974
980
995
1016
1027
1040
1057
1073
1082
1095
1101
1111
1125
1134
1145
1158
1169
1180
1194
1199
1207
1216
1228
1244
1256
1270
1279
1284
1291
1304
1312
1321
1336
1351
1359
1372
1385
1394
1405
1414
1431
1444
1457
1465
1477
1494
1510
1522
1536
1547
1563
1576
1589
1602
1620
1625
CLUSTERINDICES 1625
738
750
751
762
763
736
748
749
750
760
761
762
747
759
746
734
758
731
732
733
744
745
755
746
756
757
728
729
730
740
741
742
743
744
753
754
755
756
726
727
739
740
741
752
753
723
724
736
737
738
749
750
751
762
721
722
735
736
748
749
760
697
698
711
712
725
726
739
692
705
706
719
720
733
746
734
689
690
691
703
704
716
717
705
718
730
719
731
732
733
744
745
686
687
688
699
700
701
702
703
713
714
715
716
717
727
728
729
730
731
741
742
743
696
709
710
723
724
694
695
707
708
709
721
722
664
678
679
693
694
707
654
655
656
668
669
670
671
672
683
684
685
686
687
697
698
699
700
701
712
713
714
667
681
682
696
665
666
679
680
681
694
695
648
662
676
663
677
678
692
706
645
646
659
660
661
673
674
675
676
688
689
690
691
703
704
626
627
628
641
642
643
644
645
656
657
658
659
671
672
673
674
687
688
689
622
623
624
638
639
640
653
654
655
668
669
670
683
684
636
637
652
666
667
635
636
650
651
665
666
618
633
634
648
649
650
663
664
678
615
630
631
632
646
647
648
661
662
676
596
597
611
612
613
614
627
628
629
630
643
644
645
646
659
660
592
593
607
608
609
610
611
623
624
625
626
627
639
640
641
642
643
654
655
656
657
604
605
620
621
636
637
602
603
618
619
620
634
635
650
583
584
599
600
601
616
617
618
632
633
634
648
572
573
589
590
591
606
607
608
622
623
624
638
639
563
580
581
582
597
598
599
614
615
630
631
559
560
561
577
578
579
593
594
595
596
610
611
612
613
627
628
570
571
588
604
605
569
570
586
587
603
604
548
549
566
567
568
584
585
586
601
602
618
538
539
540
557
558
559
560
574
575
576
577
578
591
592
593
594
609
610
526
527
545
546
547
564
565
566
567
582
583
584
599
600
522
523
542
543
544
561
562
563
579
580
581
596
597
516
517
518
535
536
537
538
539
554
555
556
557
558
572
573
574
575
590
591
533
534
552
553
571
530
531
532
550
551
552
569
570
500
501
502
519
520
521
522
539
540
541
542
558
559
560
561
577
578
489
490
508
509
510
528
529
530
548
549
550
567
568
485
486
504
505
506
524
525
526
544
545
546
563
564
475
476
495
496
497
515
516
517
535
536
537
554
555
473
493
494
513
514
533
534
491
492
493
511
512
513
531
532
466
467
486
487
488
506
507
508
526
527
528
546
547
462
463
482
483
484
502
503
504
522
523
524
543
457
458
459
477
479
478
480
481
497
498
499
500
501
517
518
519
520
521
538
539
540
454
473
474
494
433
452
453
454
471
472
473
492
493
494
431
452
450
451
469
471
470
490
491
492
510
511
430
429
448
449
450
466
467
468
469
488
489
490
508
509
427
445
446
447
464
465
466
485
486
487
505
506
421
422
423
441
442
443
460
459
461
462
481
482
483
501
502
416
417
418
436
437
438
455
456
457
458
475
476
477
479
478
496
497
498
403
404
405
423
424
425
426
442
443
444
445
462
463
464
483
484
401
400
399
421
420
419
418
441
442
440
438
439
458
460
459
479
480
481
395
415
434
435
454
392
411
412
413
431
432
433
452
451
453
471
388
389
407
408
409
427
428
430
429
447
448
449
466
467
374
393
394
395
413
414
415
433
434
454
370
390
389
391
411
410
409
431
430
429
449
450
366
367
385
386
387
404
405
406
407
424
425
426
427
445
446
362
383
382
384
381
401
403
402
404
421
422
423
441
442
443
359
358
357
380
379
378
377
400
397
398
399
420
417
419
418
437
438
439
357
356
376
377
396
397
416
417
436
437
335
355
374
375
395
415
333
354
353
352
373
372
374
392
393
394
413
331
352
351
350
372
370
371
392
390
391
411
329
350
349
348
368
370
369
388
390
389
409
326
324
325
344
345
346
364
363
365
366
383
384
385
386
404
405
320
321
322
339
340
341
342
343
362
363
361
360
359
383
382
381
380
379
401
400
307
306
327
326
348
347
346
368
366
367
386
387
299
298
297
319
320
318
317
339
340
338
337
360
359
358
357
379
378
377
296
295
317
316
337
336
357
356
376
377
293
314
313
335
334
333
355
354
353
374
291
313
312
311
333
332
331
353
352
351
372
289
288
310
311
309
331
330
329
351
350
349
370
287
286
309
308
307
329
328
327
349
348
368
282
281
304
301
303
302
324
325
321
323
322
344
341
342
343
364
362
363
273
294
315
314
335
355
262
285
284
283
282
306
305
304
303
326
324
325
344
345
346
257
258
259
278
277
279
280
281
299
300
298
301
302
319
320
321
318
322
339
340
341
251
272
271
270
293
292
291
314
313
312
333
249
248
270
269
268
291
290
289
288
312
310
311
331
235
234
256
255
254
253
278
277
276
275
274
299
298
297
296
318
317
227
226
248
247
246
245
269
268
267
266
265
289
288
287
310
309
245
244
243
242
265
264
263
286
285
239
240
242
241
262
259
261
260
284
283
282
281
304
232
231
252
251
273
272
230
229
251
250
249
248
271
270
269
291
197
219
218
217
216
239
238
240
237
236
257
258
259
260
193
214
213
234
233
254
253
275
274
209
208
207
229
228
227
226
249
248
247
268
206
205
203
204
227
224
225
226
223
247
246
245
244
203
202
201
200
224
223
222
221
244
243
242
200
199
198
221
220
219
218
239
240
242
241
175
174
196
195
194
216
215
214
237
236
235
234
256
255
192
191
212
211
232
190
189
211
210
209
231
230
229
169
168
189
188
187
186
209
208
207
147
167
166
165
187
186
185
184
183
206
205
204
145
144
164
163
162
161
184
183
182
181
180
203
204
202
201
223
142
141
161
160
159
180
179
178
201
200
199
198
140
139
159
158
157
178
177
176
199
198
197
196
218
217
136
155
154
174
173
194
193
214
213
153
172
171
192
191
152
151
171
170
169
190
189
121
120
139
138
137
157
156
155
176
175
174
196
195
134
133
132
151
150
149
169
168
113
131
130
149
148
147
167
166
165
112
111
130
129
128
127
147
146
145
144
165
164
163
184
183
109
108
127
126
125
145
144
143
142
163
162
161
160
181
180
101
118
117
135
134
153
152
151
90
89
108
107
106
125
124
123
142
141
140
160
159
88
87
106
105
104
123
122
121
140
139
138
158
157
85
103
102
120
119
137
136
155
154
82
100
99
98
118
117
116
115
134
133
132
80
98
97
96
115
114
113
132
131
76
75
94
93
92
91
112
111
110
109
108
129
128
127
126
145
144
61
60
79
78
77
96
95
94
113
112
111
130
129
52
51
70
69
68
88
87
86
85
104
103
121
120
50
67
66
84
83
101
100
118
48
47
65
64
63
82
81
80
99
98
97
115
41
40
39
58
57
56
55
76
75
74
73
72
92
91
90
109
108
38
37
36
55
54
53
73
72
71
70
90
89
88
87
106
105
29
28
46
45
44
63
62
61
80
79
78
96
26
25
43
42
41
60
59
58
77
76
75
94
93
92
15
33
32
31
50
49
48
67
66
65
83
2
1
0
20
19
18
17
37
36
35
34
53
52
51
70
69
14
13
12
31
30
29
28
48
47
46
45
64
63
12
11
10
29
28
9
27
26
45
44
43
61
60
8
7
6
5
25
24
23
22
42
41
40
58
57
6
5
4
23
3
2
22
21
20
19
40
39
38
37
36
56
55
54
16
15
33
32
50
