CLUSTEROFFSETS 22
16
30
40
58
79
112
145
178
196
224
255
292
318
339
368
399
428
466
493
518
537
557
CLUSTERINDICES 557
195
196
197
198
209
210
211
212
213
223
224
225
226
227
238
239
178
192
193
194
207
208
209
221
222
223
224
236
237
238
190
191
204
206
205
219
220
235
234
233
188
187
189
203
202
201
204
218
216
217
219
220
234
232
229
230
231
233
183
184
185
197
198
200
199
201
212
213
214
215
216
217
225
226
227
228
229
230
231
142
141
140
157
156
154
158
155
170
169
171
172
173
174
184
185
188
187
189
186
203
200
199
202
201
218
214
215
216
217
229
230
231
138
137
136
154
150
151
152
153
165
166
167
168
169
180
181
182
183
184
185
195
196
197
198
199
210
211
212
213
214
224
225
226
227
133
132
136
135
134
147
148
149
150
151
162
163
164
165
166
177
178
179
180
181
192
193
194
195
196
207
208
209
210
221
222
223
224
130
131
144
145
146
159
160
161
174
175
176
189
190
191
204
206
205
220
98
99
97
115
114
113
112
130
129
128
127
126
143
142
141
144
145
157
156
158
159
160
172
173
174
175
188
189
95
94
93
111
110
108
107
109
126
125
123
122
124
141
140
139
138
137
156
154
155
152
153
167
170
168
169
171
183
184
185
77
76
75
93
92
90
91
89
108
107
109
104
106
105
103
123
122
124
121
118
119
120
133
138
137
136
135
134
149
150
151
152
153
164
165
166
167
57
73
74
72
90
89
88
87
104
105
103
102
118
119
120
117
133
132
135
134
147
148
149
162
163
164
70
71
85
84
86
100
98
99
101
116
115
114
113
130
129
128
131
144
145
146
161
52
51
50
68
66
67
65
64
83
82
81
80
79
98
96
97
95
94
113
111
112
110
109
127
126
125
124
141
140
34
33
32
50
48
49
47
46
65
63
64
62
61
80
79
78
77
76
95
94
93
92
91
110
108
107
109
106
123
122
124
26
25
41
40
39
38
56
55
54
53
52
70
71
69
68
67
85
84
83
86
82
100
98
99
101
97
115
114
113
17
16
15
14
32
31
30
29
28
27
47
46
45
44
43
42
62
61
60
58
59
57
77
76
75
73
74
72
92
90
91
89
88
87
104
106
105
103
12
11
8
10
9
25
24
23
22
21
39
38
37
36
35
34
54
53
52
51
50
68
66
67
65
82
81
8
10
9
7
6
5
23
22
21
20
19
18
36
35
34
33
32
51
50
48
49
47
65
63
64
3
2
1
0
16
15
14
13
30
29
28
27
45
44
43
42
58
59
57
5
4
3
2
1
19
18
17
16
15
14
32
31
30
29
28
47
46
45
44
