5.998298525810241699e-03
6.153287723660468694e-03
5.999314934015274360e-03
5.902675181627273573e-03
5.978054419159889096e-03
5.872191444039344919e-03
5.979844532907009104e-03
6.445746175944805194e-03
7.227757040411233840e-03
6.345781922340393288e-03
6.064212486147880880e-03
5.738717243075370546e-03
5.617150679230690363e-03
5.526898398995399794e-03
5.693495213985442886e-03
6.567231439054012528e-03
7.637583129107952500e-03
1.097153545171022405e-02
6.560736685991287384e-03
6.288850352168083233e-03
5.870373442769050501e-03
5.670782163739204566e-03
5.483359366655349461e-03
5.525610849261283937e-03
5.454918302595615671e-03
6.153939433395862364e-03
7.607298634946346554e-03
1.129081375524401687e-02
1.283073160611093028e-02
1.255901059543248349e-02
6.898691177368163757e-03
6.361932024359703321e-03
5.931947603821754664e-03
5.682720884680748409e-03
5.566686481237411409e-03
5.750456154346466307e-03
5.696020573377608837e-03
5.933481484651565406e-03
9.514959897845983242e-03
1.131587779708206724e-02
1.299074677098542401e-02
1.392153190681710839e-02
1.765937567874789269e-02
1.813191209919750788e-02
1.365570132620632683e-02
7.388198256492614809e-03
6.744108542799949479e-03
6.084825366735458277e-03
5.663774490356445444e-03
5.650902122259139626e-03
5.892285242676735188e-03
6.390920571982860836e-03
6.706083863973617311e-03
8.905020378530024636e-03
1.169635173305869080e-02
1.275720378756523173e-02
1.449407030362635795e-02
1.583103778632357836e-02
1.801860901515465324e-02
1.604072922840714399e-02
1.240403934940695688e-02
1.002445052191615164e-02
6.068523652851581969e-03
6.844189047813415208e-03
6.285420387983322449e-03
5.823456719517707859e-03
4.821203261613845638e-03
4.953661054372787351e-03
6.572986170649528642e-03
7.661076210439205295e-03
8.556411355733871058e-03
1.041906531900167396e-02
1.301221181266009816e-02
1.288916765898466196e-02
1.369344680442009105e-02
1.394875461317133213e-02
1.505685014289338125e-02
1.401082532294094588e-02
1.165508269146084755e-02
8.917318124324082745e-03
5.426334500312804746e-03
5.268308222293853656e-03
4.694116547703743383e-03
5.781679242849349643e-03
5.471917867660522176e-03
4.530614346265792597e-03
4.835421264171600730e-03
4.433654814958572395e-03
4.754954367876053009e-03
7.135002568364143608e-03
9.242633737623691392e-03
1.365255547314882245e-02
1.563848790153861065e-02
1.593056806176900916e-02
1.472421244811266718e-02
1.311675943632144466e-02
1.274019790627062276e-02
1.160707010247278952e-02
1.204146236367523680e-02
1.048523758351802872e-02
7.170478306710720284e-03
5.259505450725555226e-03
4.778006941080093634e-03
4.558989599347114743e-03
5.058307319879531451e-03
4.224322497844695996e-03
2.651434332132339682e-03
2.231361955404281578e-03
3.959648430347442218e-03
4.659798011183738549e-03
7.763325810432434443e-03
9.827596813440322987e-03
1.469442735612392498e-02
1.736526047810912216e-02
1.547981322556734110e-02
1.322824315074831204e-02
1.173787951562553673e-02
1.050651047937571983e-02
1.010583450598642220e-02
1.049459179770201485e-02
9.146291837096214364e-03
6.212339229881763680e-03
5.032756723463534948e-03
4.660963699221610905e-03
4.465614110231399224e-03
4.108270332217216214e-03
3.620903328061103859e-03
3.237844139337539475e-03
2.349767550826072689e-03
1.546223431825637746e-03
2.636414363980293073e-03
4.323094576597213967e-03
8.199240282177925124e-03
9.542563192546368173e-03
1.293088762462139135e-02
1.867249011620879251e-02
1.549059247970581074e-02
1.286184777226299057e-02
1.131134648155420960e-02
1.064099775161594236e-02
1.009420675318688232e-02
9.651652738451957717e-03
7.124560639262198999e-03
5.945705913007259119e-03
5.353493437170982541e-03
4.705609634518623761e-03
4.058327287435531568e-03
3.861410304903984021e-03
3.779802098870277492e-03
3.361772850155830567e-03
2.671507835388183590e-03
2.333717748522758442e-03
1.572417050600051925e-03
3.770300060510635431e-03
8.522252649068832661e-03
9.486423030495643241e-03
1.149766429513692824e-02
1.784461115673184259e-02
1.530646711215376786e-02
1.307937662489712209e-02
1.167219178844243303e-02
1.148185471631586567e-02
8.107325321063400120e-03
7.150730408728122635e-03
6.151541344821453462e-03
5.805113315582275356e-03
5.405162096023559577e-03
5.055866301059723164e-03
4.648338541388511401e-03
3.819831237196922354e-03
3.552940040826797329e-03
3.441257208585739042e-03
3.194524958729743833e-03
2.416132524609565946e-03
2.292126029729842952e-03
2.053358241915702667e-03
3.404440209269523482e-03
8.876161426305770666e-03
9.332201212644577332e-03
9.287978850305080372e-03
1.097106223553419128e-02
1.073373412340879358e-02
9.924188558012246239e-03
9.351194843649863683e-03
8.443983182427472825e-03
7.323713364545255886e-03
6.589325748383998912e-03
6.272501729428768026e-03
6.784896895289421054e-03
6.369397759437561181e-03
6.427083194255828538e-03
5.463951736688613635e-03
4.082563474774360442e-03
3.377668976783752310e-03
1.715347290039062524e-03
1.451542481780052161e-03
1.348518088459968673e-03
1.622755035758018539e-03
2.200468078255653388e-03
3.581026121973991411e-03
7.279574826359748452e-03
8.135875135660171342e-03
7.879625990986823328e-03
7.181215725839138267e-03
8.564691357314586917e-03
9.335604928433894820e-03
9.513909714296459735e-03
6.916784920031204473e-03
6.879212762229144386e-03
6.841621752828359534e-03
6.947687599807977725e-03
6.379376098513603495e-03
5.915017023682593925e-03
6.048180699348450033e-03
5.492353558540344349e-03
4.078233167529105724e-03
4.122881963849067515e-03
1.992205321788787821e-03
2.262172013521194375e-03
2.294993788003921609e-03
2.337731227278709318e-03
2.005366027355194244e-03
3.161848157644271858e-03
5.047951161861419407e-03
6.481308594346046198e-03
6.600191235542297516e-03
7.457279242575168970e-03
8.313823081552982816e-03
7.532760042697191592e-03
5.904570143669843861e-03
6.147285960614681279e-03
6.906384620815515102e-03
6.927089553326368221e-03
6.430956408381462153e-03
5.904564060270785925e-03
5.961618155241012879e-03
5.314097270369529981e-03
4.384823679924011557e-03
5.052858456969261391e-03
2.788388662040233550e-03
2.567221678793430491e-03
2.525631599128246117e-03
2.790424562990665488e-03
3.305189341306686516e-03
3.355118922889232733e-03
5.680270574986935085e-03
5.826819486916065202e-03
6.456083603203296821e-03
6.708147913217544361e-03
5.456784226000308859e-03
5.250402580946683488e-03
5.573348722653463649e-03
7.044702792540192236e-03
6.750879328697920005e-03
6.189215123653411810e-03
6.105735257267951889e-03
5.569539099931716634e-03
5.207040145993232713e-03
5.339779332280159344e-03
5.190308973193168661e-03
2.715539686381816722e-03
2.680353589355945459e-03
2.835162393748760171e-03
4.277664415538310824e-03
3.081046178936958178e-03
4.427430659532547060e-03
5.366151638329028951e-03
4.984860934317112205e-03
4.727358497679233842e-03
4.661073587834835448e-03
4.740058423951268307e-03
4.881874430924654056e-03
6.795735501684248628e-03
6.350560165941715116e-03
5.949044674634933541e-03
5.882373996078968208e-03
5.637655548751354349e-03
5.113220669329166662e-03
5.044409133493900528e-03
3.839385494589805589e-03
2.726447485387325283e-03
3.405992038547992536e-03
5.520925827324390731e-03
4.205423139035702022e-03
2.901940383017062933e-03
4.986397325992584541e-03
4.087193310260773052e-03
3.871405869722366246e-03
4.177499771118164430e-03
4.416178282350301763e-03
4.264929246157407594e-03
5.418317129835486731e-03
5.362294279038905785e-03
4.950784638524055419e-03
5.074869818985461994e-03
5.231435291469097547e-03
4.908986181020736327e-03
3.630142137408256479e-03
5.186214143410325036e-03
5.868316221982240906e-03
4.631788406521081952e-03
3.001150410622358336e-03
3.539188664406538003e-03
4.138966452330351126e-03
3.837269883602857472e-03
4.072707030922174606e-03
3.877649139612913184e-03
4.214856917969882731e-03
5.028942024800926724e-03
4.525492843240499878e-03
4.191441442817449986e-03
3.976300757378340052e-03
4.532553493976593066e-03
4.739941291511058467e-03
3.455705210566520705e-03
5.915600661188363633e-03
5.289690931327641413e-03
4.903193933423608507e-03
4.152768213301897236e-03
3.558829642832279060e-03
3.018157527782022991e-03
2.731927081942558087e-03
3.037637645378708957e-03
3.397728357464075300e-03
3.949546507559716438e-03
4.460451584192923896e-03
4.191086731851100672e-03
4.233269315212964679e-03
4.313155539333820600e-03
5.125091795809566704e-03
4.908383128233253546e-03
4.410407557152211389e-03
3.799112720414996210e-03
3.291091164574027044e-03
2.379903200082481018e-03
2.900287662632763420e-03
3.221914987778291221e-03
4.031482195481658065e-03
4.520213943294947717e-03
4.252875687554478340e-03
4.735237788408994987e-03
4.227707847952842310e-03
3.650198914110660761e-03
3.095669470727443681e-03
2.247980784624814890e-03
2.355050189420580808e-03
