0.000000000000000000e+00
6.427366317722897908e-05
2.221681538869517837e-04
2.557708530257304003e-04
3.812125655371598762e-04
5.209511509957531934e-04
6.909017633469075525e-04
8.347393930917424570e-04
1.044717522503655488e-03
1.283595385799565260e-03
1.505984010970094766e-03
1.759400724135090372e-03
1.985205917442022395e-03
2.163941473848989949e-03
2.429141885751718178e-03
2.694685404446575672e-03
2.959094359003215397e-03
3.163865316120706948e-03
3.390356632829976975e-03
3.514461584096993836e-03
3.717577614592868906e-03
3.807815202364477156e-03
3.893535266823984400e-03
3.889189939331896047e-03
3.942858997306441897e-03
3.970485420807095059e-03
3.990482670052961089e-03
4.033898274144904865e-03
4.109001835633871273e-03
4.129991591675879689e-03
4.200903404693487678e-03
4.183814395555548495e-03
4.250445724730756575e-03
4.361299561487034723e-03
4.448993399340896333e-03
4.535784468968597632e-03
4.664981119066202546e-03
4.688451892118954828e-03
4.926969647737935998e-03
5.061598220517767727e-03
5.212332275874423208e-03
5.398191299324456814e-03
5.597563928738101893e-03
5.762233967304692360e-03
6.046056296831842265e-03
6.225812701929651395e-03
6.401736600404588778e-03
6.567195329350497025e-03
6.663541106565726117e-03
6.795051196341757825e-03
6.856705095737397442e-03
7.045930870986985388e-03
7.146141887465801319e-03
7.284336011941582034e-03
7.449343894858813549e-03
7.650322324185527580e-03
7.810489843473998432e-03
7.999816732916838202e-03
8.233123444369994104e-03
8.434534144121480850e-03
8.564922484707873651e-03
8.697572614505719515e-03
8.852331262691527994e-03
8.949006047060125563e-03
8.988690746674243837e-03
8.913268995971952713e-03
8.914530583935913882e-03
8.807800646946695178e-03
8.680311293405820056e-03
8.466375337118239516e-03
8.299338114023951593e-03
8.073427696490923303e-03
7.942414305891539600e-03
7.724958120857370637e-03
7.616119096567047081e-03
7.439705129373667611e-03
7.367208111587766894e-03
7.234377977879033993e-03
7.226177061335291307e-03
7.189401003668041343e-03
7.194560951475225882e-03
7.250219629269975992e-03
7.340578290048752758e-03
7.442951331656484128e-03
7.558707915239925960e-03
7.719937655596988656e-03
7.884774341014472512e-03
8.019807461832213422e-03
8.141069072503946333e-03
8.271491962617580004e-03
8.391028995954733644e-03
8.509107641646950979e-03
8.649825626537419043e-03
8.741709319915020107e-03
8.848248520240893297e-03
8.961531219901678474e-03
9.045771889070942928e-03
9.083049597014737284e-03
9.134172775676322950e-03
9.117138754567023773e-03
9.061043211790555107e-03
9.022945046257981050e-03
8.953070827568692866e-03
8.917852719899838077e-03
8.916743949588624291e-03
8.920214951308874651e-03
8.986272974978766134e-03
9.063043111950061861e-03
9.116094074928002972e-03
9.217654048523062776e-03
9.302787629603488997e-03
9.411829138074387022e-03
9.530316363021495291e-03
9.665919589941965318e-03
9.794555135263732434e-03
9.942345430023397101e-03
1.005274220571632585e-02
1.016161563460354390e-02
1.013619878371057811e-02
1.011760158358663945e-02
1.012428347717814550e-02
1.013688525306787741e-02
1.015933427466429555e-02
1.016575574516211111e-02
1.015231460622226418e-02
