5.998298525810241699e-03
6.153287723660468694e-03
5.999314934015274360e-03
5.902675181627273573e-03
5.647661969065666254e-03
5.400764137506485103e-03
5.979844532907009104e-03
6.445746175944805194e-03
7.227757040411233840e-03
6.345781922340393288e-03
6.064212486147880880e-03
5.267786383628844833e-03
5.634844169020652473e-03
5.069413647055626138e-03
5.734766945242881879e-03
6.365755453705788068e-03
7.770903930068015671e-03
1.097153545171022405e-02
6.560736685991287384e-03
6.288850352168083233e-03
5.787733569741248738e-03
5.577499404549598333e-03
5.218098297715186712e-03
4.934489235281944337e-03
4.777389593422412713e-03
5.788831457495689260e-03
8.335717365145683955e-03
9.746628902852536025e-03
1.283073160611093028e-02
1.255901059543248349e-02
6.898691177368163757e-03
6.307798847556114578e-03
5.769310951232909865e-03
5.447547271847724519e-03
5.335771113634109504e-03
5.096787869930266904e-03
4.762039609253406434e-03
5.681589648127555875e-03
9.030856359750032147e-03
8.391601311042905242e-03
9.173957691993564825e-03
1.140499331476166854e-02
1.765937567874789269e-02
1.813191209919750788e-02
1.365570132620632683e-02
7.388198256492614809e-03
6.577211812138557268e-03
5.421683102846145720e-03
5.383805841207504016e-03
5.339266434311866483e-03
5.469891160726546818e-03
5.085169441998004664e-03
5.818507567048073099e-03
8.166403003036976083e-03
9.523162819445133223e-03
8.848690435290336095e-03
9.466930406633764991e-03
9.530705043580382785e-03
1.054341513512190368e-02
1.073110160045325813e-02
9.575495053082704738e-03
1.002445052191615164e-02
6.068523652851581969e-03
6.844189047813415208e-03
6.062582790851592934e-03
5.028046116232871843e-03
4.282293260097503815e-03
3.988311618566512708e-03
5.780491366982459626e-03
6.373957462608814510e-03
7.159694358706474547e-03
7.773842521011829591e-03
8.919270215556026130e-03
6.931723759509623474e-03
1.100546055822633181e-03
8.079208424314856304e-04
6.606324980166391851e-03
7.203889509662986072e-03
8.467191275209187684e-03
6.889601025730371364e-03
3.373594008386135261e-03
5.268308222293853656e-03
4.694116547703743383e-03
5.781679242849349643e-03
5.036844938993453695e-03
4.235201835632323823e-03
4.181075364351272486e-03
4.179897099733352779e-03
3.548263862729072494e-03
5.370707526803016746e-03
7.247279576957225619e-03
1.015537380799651224e-02
1.061198917403817152e-02
1.025034467689692891e-02
6.744825673289597118e-03
3.379803160205483662e-04
6.121489536017179567e-04
5.236838930635713193e-03
6.753421726636588476e-03
6.110219519585371323e-03
3.947906605899334335e-03
2.264641843736171604e-03
2.304047495126724382e-03
4.558989599347114743e-03
5.058307319879531451e-03
3.212821960449218674e-03
2.196608752012252884e-03
1.713467299938201864e-03
3.489579260349273855e-03
3.668126791715621733e-03
5.344555497169494775e-03
6.553849413990974794e-03
9.561562534421683135e-03
1.220033584162592832e-02
9.959128202870488888e-03
5.747037640307098988e-03
3.971703195478766893e-03
4.164778434904292323e-03
4.595253358420450102e-03
5.292194833979010915e-03
4.697541426867246801e-03
2.756579712033271640e-03
2.160159178078174640e-03
1.944380328059196455e-03
2.580961242318153496e-03
4.108270332217216214e-03
3.620903328061103859e-03
2.430521145462989901e-03
1.908819839358329769e-03
1.482262805104255649e-03
2.095642432570457309e-03
3.473058730363846013e-03
5.997369065880775452e-03
6.335197068750858182e-03
8.446775957942008820e-03
1.322856821119785392e-02
1.027478122804313838e-02
7.534288756549357979e-03
5.451394542469643022e-03
5.017758544068783716e-03
4.783154798322357404e-03
4.379076475277542992e-03
2.770954281091690240e-03
2.310691803693771390e-03
2.354480750858783510e-03
2.221069633960723756e-03
2.003075987100601339e-03
3.861410304903984021e-03
3.779802098870277492e-03
2.949404016137122976e-03
2.262848868966102663e-03
2.133690148591995198e-03
2.095654085278510995e-03
3.006032362580299180e-03
7.080031916499137518e-03
6.630453571677207870e-03
7.041358478367328554e-03
1.346472998335957599e-02
1.035395457223057744e-02
9.363275352399795873e-03
8.032422960619442498e-03
6.766655915882438359e-03
2.960278837243094947e-03
2.342308443039655720e-03
2.644415766000747861e-03
2.252944707870483364e-03
2.108223065733909416e-03
1.979810364544391452e-03
2.082888022065162818e-03
1.936982050538062954e-03
3.552940040826797329e-03
3.441257208585739042e-03
2.763659253716468749e-03
2.173965096473693976e-03
2.190763995051383823e-03
2.003642395138740661e-03
2.950509205460548345e-03
7.124983623623847538e-03
7.105131268501281745e-03
5.903281599283218342e-03
8.495754621922969180e-03
1.038454968854784881e-02
1.108059064298868093e-02
1.043243600800633497e-02
7.726877157576382549e-03
4.280792454956099113e-03
2.830066343769431329e-03
2.717243004590272869e-03
3.246210411190986449e-03
3.104767329990863658e-03
3.232242733240127657e-03
2.777401864528656217e-03
2.220633834600448716e-03
3.377668976783752310e-03
1.715347290039062524e-03
1.430237069725990391e-03
1.218891292810440116e-03
1.258709087967872569e-03
2.197747647762298556e-03
3.163500189781189107e-03
6.116569340229034701e-03
6.437002003192901500e-03
6.115029394626617099e-03
8.272090755403041507e-03
1.017250456288456943e-02
1.093269507959485076e-02
9.526213111355900584e-03
5.191948404535651554e-03
3.168894161295611207e-03
3.297943453304469710e-03
3.480875518172979379e-03
3.321859560906887266e-03
2.318641170859336853e-03
2.686089918017387380e-03
2.965680524706840529e-03
3.351571410894393834e-03
4.122881963849067515e-03
1.992205321788787821e-03
1.906263217329978938e-03
1.678579345345497130e-03
1.749854624271392732e-03
1.741384744644165023e-03
2.029148116707801992e-03
3.864314079284668010e-03
6.252146348357200817e-03
6.834720805287360958e-03
7.715811848640442144e-03
9.717320885509252507e-03
6.975107626989484125e-03
4.118681068066507196e-03
3.528303840663284206e-03
3.232577669434249287e-03
3.181153547018766587e-03
3.510476864874362887e-03
3.141436874866485734e-03
2.751719489693641666e-03
3.974862888455390868e-03
4.427731066942214647e-03
5.052858456969261391e-03
2.788388662040233550e-03
2.095121987164020368e-03
1.759647086262702961e-03
2.237672291696071823e-03
1.783853985369205459e-03
2.206647381186485103e-03
4.878004424273967542e-03
5.363389544188976524e-03
6.402577377855777491e-03
6.417740147560834982e-03
4.617172928526997594e-03
3.458529708907008299e-03
3.763932671980000939e-03
3.587863266468048311e-03
3.268312640488147541e-03
3.051466330885887340e-03
3.103878736495971867e-03
2.858184203505515983e-03
4.242021307349205447e-03
5.170604765415191817e-03
5.190308973193168661e-03
2.715539686381816722e-03
2.081018991768360162e-03
2.051259480416774660e-03
3.406705483794212480e-03
1.355287320911884247e-03
3.641345925629139134e-03
4.660175219178199803e-03
4.157794460654258908e-03
3.580531883984804271e-03
3.740926608443260071e-03
4.191087896004318941e-03
3.709776779112871573e-03
3.545940634794533374e-03
3.609675519168376815e-03
3.887951806187629842e-03
3.682283930480480163e-03
3.735808879137039393e-03
4.597671493887901285e-03
4.671498402953147902e-03
3.839385494589805589e-03
2.726447485387325283e-03
3.140380606055259705e-03
4.977157540619373335e-03
3.360102910548448500e-03
2.065590091049671236e-03
4.388835571706294937e-03
3.269468173384666634e-03
2.994696095585822927e-03
3.534217514097690721e-03
4.179641488008201122e-03
2.156100720982067221e-03
2.617376154055818700e-03
3.109431952238082830e-03
3.084898993372917324e-03
4.037689983844757087e-03
4.307837724685669237e-03
4.383343346416950295e-03
3.630142137408256479e-03
5.186214143410325036e-03
5.366525992751121354e-03
3.949419490993023169e-03
1.806691754609346390e-03
2.883192371577024491e-03
3.670044112950563309e-03
3.274074353277683230e-03
3.705846186727285597e-03
3.146308645606040854e-03
2.258311766898259566e-03
3.240596591727807913e-03
2.992434069514274524e-03
2.966477315872907607e-03
3.336552545428275902e-03
4.532553493976593066e-03
4.739941291511058467e-03
3.455705210566520705e-03
5.915600661188363633e-03
5.289690931327641413e-03
4.256893720477819207e-03
3.116715508513152530e-03
2.607683255337178881e-03
1.963477046228945082e-03
1.948617648333311010e-03
1.675641186535358406e-03
2.035329427570104540e-03
3.062681630253791688e-03
3.652033265563659446e-03
3.505434427410364026e-03
4.233269315212964679e-03
4.313155539333820600e-03
5.125091795809566704e-03
4.416034023277461661e-03
3.549152282997965636e-03
3.449638250749558366e-03
2.710342195816338104e-03
1.778534078039228960e-03
2.403917411342263409e-03
3.221914987778291221e-03
4.031482195481658065e-03
4.520213799871271136e-03
4.252875687554478340e-03
4.735237788408994987e-03
4.227707847952842310e-03
3.650198914110660761e-03
3.095669470727443681e-03
2.247980784624814890e-03
2.355050189420580808e-03
