0.000000000000000000e+00
1.842096291112005639e-04
2.129521565100499865e-04
2.389713431012630441e-04
2.699127675063041441e-04
3.108715406486783320e-04
3.588696728669769215e-04
3.866862368966268444e-04
4.504238787202892750e-04
4.981090158863044765e-04
5.774021921405162513e-04
6.432326731476945784e-04
7.087742184758835575e-04
7.371454355783015402e-04
8.251124621093719512e-04
9.371849485333016852e-04
1.081087357401016875e-03
1.224390842379514998e-03
1.377749139564754446e-03
1.504714634577169119e-03
1.663875953990641681e-03
1.772659360335243411e-03
1.855093373416894778e-03
1.971598468679528100e-03
2.085556382548220226e-03
2.189966356016714161e-03
2.316814806894231058e-03
2.404946925261056394e-03
2.529335505752339924e-03
2.598157748068559165e-03
2.703049247692449353e-03
2.785976145182994437e-03
2.935382088116703873e-03
3.161219992488824466e-03
3.369937760713698563e-03
3.530577575953440343e-03
3.679471861687488854e-03
3.806357972480012113e-03
3.919607718908187620e-03
3.994178861252441030e-03
4.078052277638741403e-03
4.151511890001997537e-03
4.165085174358312305e-03
4.234132983220803212e-03
4.326362769971359504e-03
4.358268141288261684e-03
4.424214300768843089e-03
4.467675859514674656e-03
4.524862207926545928e-03
4.572738002466893679e-03
4.600833934890590643e-03
4.636223032694401086e-03
4.684889964522817758e-03
4.730938382835714155e-03
4.794453929628096460e-03
4.865621759852655284e-03
4.949982955470086203e-03
5.050523013841816053e-03
5.157431694739525105e-03
5.270076002762451133e-03
5.363775927871546403e-03
5.440953502319134313e-03
5.534661789942866943e-03
5.635199535317110542e-03
5.739024891521420611e-03
5.772607651171731899e-03
5.842289323460934762e-03
5.866189247718608599e-03
5.852358531128786998e-03
5.813456677954181341e-03
5.824369236822186241e-03
5.818441905541550316e-03
5.844398570412532960e-03
5.806423818243053835e-03
5.833564265772452941e-03
5.866882913628851740e-03
5.868388431057915480e-03
5.855524124317893625e-03
5.916285745862123226e-03
5.945023029556126444e-03
5.986721388628232429e-03
6.049755571334019567e-03
6.134369266821701645e-03
6.203961289387513976e-03
6.270943483575973712e-03
6.352249514853253697e-03
6.486817762121756953e-03
6.590832844682743483e-03
6.661057823325502135e-03
6.749434394521687357e-03
6.839898529138168683e-03
6.921865735263590599e-03
7.055802825256923469e-03
7.148925901721689055e-03
7.233162140968319928e-03
7.339708381056559913e-03
7.401232980460876326e-03
7.456855642265435360e-03
7.540665433009968374e-03
7.550820252202676899e-03
7.577103748883933995e-03
7.612064177967134068e-03
7.596991294752698798e-03
7.595545735420131464e-03
7.613512379860214695e-03
7.616015339897396104e-03
7.658644574472271878e-03
7.695107383322444608e-03
7.732037343979796667e-03
7.821048407363194108e-03
7.906662241516721618e-03
7.964888424242476048e-03
8.013703064949957364e-03
8.100714156844228755e-03
8.188690692946755736e-03
8.308097150518606658e-03
8.382708788950352097e-03
8.442047889030813643e-03
8.415643936642203463e-03
8.380013847598439744e-03
8.350427029822613673e-03
8.339961368935128877e-03
8.323093271286717207e-03
8.309995402606214568e-03
8.512518166953354087e-03
