-3.129910000000000331e-02 2.025499999999999957e-03 1.928701999999999916e-01
-3.130909999999999943e-02 2.321399999999999939e-03 1.927897000000000083e-01
-3.265169999999999878e-02 4.044299999999999805e-03 1.938329000000000024e-01
-3.285239999999999688e-02 2.024499999999999824e-03 1.939271999999999940e-01
-3.440750000000000058e-02 1.817299999999999992e-03 1.940209999999999990e-01
-3.510850000000000082e-02 1.793600000000000012e-03 1.931133999999999906e-01
-3.498310000000000308e-02 1.076099999999999973e-03 1.917485999999999913e-01
-3.611580000000000346e-02 4.070999999999999749e-04 1.909184999999999910e-01
-3.722639999999999977e-02 -3.111999999999999749e-04 1.908708000000000071e-01
-3.810729999999999673e-02 -3.137999999999999839e-04 1.897021999999999875e-01
-3.828970000000000290e-02 -7.025999999999999477e-04 1.893352000000000090e-01
-3.932879999999999709e-02 -1.563600000000000059e-03 1.886770999999999865e-01
-3.970680000000000043e-02 -2.083000000000000216e-03 1.882274999999999920e-01
-4.063080000000000164e-02 -2.546999999999999785e-03 1.873468000000000078e-01
-4.076520000000000143e-02 -2.849700000000000150e-03 1.867869000000000057e-01
-4.145519999999999761e-02 -3.652900000000000157e-03 1.859899999999999887e-01
-4.188889999999999975e-02 -4.034300000000000212e-03 1.859779000000000015e-01
-4.255199999999999955e-02 -4.856000000000000073e-03 1.847533000000000092e-01
-4.262900000000000023e-02 -5.080999999999999579e-03 1.846868000000000121e-01
-4.186589999999999756e-02 -6.214100000000000179e-03 1.849384000000000028e-01
-4.141639999999999905e-02 -6.029200000000000184e-03 1.851231000000000126e-01
-4.121550000000000213e-02 -7.273299999999999904e-03 1.866263999999999978e-01
-4.087539999999999923e-02 -7.333000000000000108e-03 1.871968999999999994e-01
-4.016240000000000088e-02 -8.160300000000000539e-03 1.872851000000000099e-01
-3.980650000000000160e-02 -8.384300000000000780e-03 1.876992000000000105e-01
-3.920749999999999930e-02 -8.902900000000000050e-03 1.883148000000000044e-01
-3.848590000000000344e-02 -9.230500000000000857e-03 1.884129999999999971e-01
-3.830419999999999658e-02 -9.577099999999999849e-03 1.891114999999999879e-01
-3.777860000000000246e-02 -1.014050000000000021e-02 1.897777999999999965e-01
-3.729579999999999701e-02 -1.026589999999999968e-02 1.902958999999999901e-01
-3.708809999999999885e-02 -1.075830000000000015e-02 1.905754000000000059e-01
-3.675459999999999838e-02 -1.084889999999999986e-02 1.909312999999999982e-01
-3.631199999999999706e-02 -1.116230000000000000e-02 1.916011999999999993e-01
-3.581560000000000299e-02 -1.156850000000000066e-02 1.918660000000000088e-01
-3.526660000000000211e-02 -1.239299999999999950e-02 1.925900999999999863e-01
-3.556279999999999858e-02 -1.162769999999999949e-02 1.929628999999999928e-01
-3.493290000000000284e-02 -1.204859999999999959e-02 1.934629999999999961e-01
-3.420979999999999854e-02 -1.281129999999999942e-02 1.937141000000000002e-01
-3.491059999999999997e-02 -1.244050000000000017e-02 1.940312999999999899e-01
-3.422469999999999679e-02 -1.237440000000000068e-02 1.931450999999999862e-01
-3.408640000000000281e-02 -1.299750000000000037e-02 1.925997999999999877e-01
-3.441400000000000015e-02 -1.252610000000000008e-02 1.927040999999999893e-01
-3.456710000000000338e-02 -1.267979999999999975e-02 1.919984000000000135e-01
-3.416550000000000142e-02 -1.278780000000000021e-02 1.907183000000000073e-01
-3.459040000000000031e-02 -1.254560000000000050e-02 1.902366000000000057e-01
-3.438360000000000027e-02 -1.251679999999999980e-02 1.894533999999999940e-01
-3.442660000000000164e-02 -1.262950000000000010e-02 1.888106999999999980e-01
-3.456050000000000094e-02 -1.231550000000000006e-02 1.883210999999999913e-01
-3.432199999999999834e-02 -1.240980000000000034e-02 1.875570000000000015e-01
-3.441079999999999833e-02 -1.232499999999999915e-02 1.867512000000000061e-01
-3.414149999999999824e-02 -1.271470000000000065e-02 1.855573000000000083e-01
-3.481159999999999810e-02 -1.242270000000000006e-02 1.859882999999999953e-01
-3.444379999999999664e-02 -1.222310000000000063e-02 1.846758000000000011e-01
-3.423860000000000098e-02 -1.234569999999999938e-02 1.837428000000000117e-01
-3.478149999999999992e-02 -1.221739999999999979e-02 1.839857000000000020e-01
-3.480590000000000073e-02 -1.213660000000000086e-02 1.837410999999999905e-01
-3.456089999999999857e-02 -1.208829999999999974e-02 1.822812000000000043e-01
-3.439439999999999859e-02 -1.228759999999999922e-02 1.813992000000000104e-01
-3.481399999999999773e-02 -1.189890000000000045e-02 1.814810000000000034e-01
-3.486750000000000266e-02 -1.183430000000000072e-02 1.810053000000000079e-01
-3.473210000000000186e-02 -1.167909999999999955e-02 1.802005999999999886e-01
-3.443739999999999996e-02 -1.183090000000000010e-02 1.790454999999999963e-01
-3.508370000000000238e-02 -1.146499999999999950e-02 1.794525999999999899e-01
-3.481940000000000035e-02 -1.127060000000000041e-02 1.786110999999999949e-01
-3.479800000000000254e-02 -1.148949999999999971e-02 1.779598000000000013e-01
-3.464960000000000262e-02 -1.154980000000000069e-02 1.774441999999999964e-01
-3.528699999999999892e-02 -1.149320000000000029e-02 1.778476999999999975e-01
-3.511460000000000276e-02 -1.144230000000000073e-02 1.772691000000000128e-01
-3.579650000000000193e-02 -1.151899999999999973e-02 1.785266000000000075e-01
-3.563179999999999820e-02 -1.162739999999999954e-02 1.773768000000000011e-01
-3.651820000000000066e-02 -1.175499999999999982e-02 1.784917000000000031e-01
-3.732880000000000226e-02 -1.154110000000000032e-02 1.788212000000000135e-01
-3.843590000000000201e-02 -1.127109999999999917e-02 1.803939999999999988e-01
-3.883709999999999940e-02 -1.092549999999999945e-02 1.814892999999999923e-01
-3.992740000000000178e-02 -9.941600000000000090e-03 1.818315000000000070e-01
-4.017769999999999675e-02 -9.871800000000000019e-03 1.822543000000000080e-01
-4.095660000000000273e-02 -8.789800000000000391e-03 1.823820999999999914e-01
-4.133420000000000150e-02 -8.784399999999999500e-03 1.828064000000000078e-01
-4.192339999999999955e-02 -7.881499999999999617e-03 1.831259000000000081e-01
-4.213789999999999897e-02 -7.670699999999999914e-03 1.835312000000000054e-01
-4.158739999999999659e-02 -6.768599999999999617e-03 1.830112000000000128e-01
-4.143619999999999942e-02 -6.535400000000000237e-03 1.830898999999999999e-01
-4.050490000000000340e-02 -5.866099999999999960e-03 1.821626000000000078e-01
-4.056780000000000108e-02 -5.746600000000000145e-03 1.819466000000000139e-01
-3.968320000000000181e-02 -5.155400000000000087e-03 1.815003000000000033e-01
-3.939360000000000084e-02 -4.433600000000000214e-03 1.815056999999999920e-01
-3.913839999999999680e-02 -4.267700000000000139e-03 1.806545999999999985e-01
-3.839080000000000270e-02 -3.590600000000000215e-03 1.799502000000000046e-01
-3.845029999999999976e-02 -3.339400000000000181e-03 1.799681999999999948e-01
-3.789100000000000107e-02 -2.985400000000000033e-03 1.792881000000000058e-01
-3.731389999999999707e-02 -2.390300000000000150e-03 1.786573999999999940e-01
-3.719870000000000121e-02 -2.234600000000000215e-03 1.786649999999999905e-01
-3.671880000000000283e-02 -1.843800000000000040e-03 1.786301999999999890e-01
-3.582090000000000274e-02 -1.018500000000000091e-03 1.774436000000000069e-01
-3.588329999999999992e-02 -1.184799999999999959e-03 1.774060000000000081e-01
-3.533139999999999892e-02 -6.936000000000000542e-04 1.773466999999999960e-01
-3.492579999999999990e-02 2.414999999999999883e-04 1.774081999999999881e-01
-3.492739999999999734e-02 -5.599999999999999747e-06 1.777711999999999903e-01
-3.426730000000000054e-02 2.886000000000000219e-04 1.770826000000000067e-01
-3.387579999999999758e-02 9.512000000000000273e-04 1.763448999999999989e-01
-3.365520000000000317e-02 1.061799999999999897e-03 1.761256999999999961e-01
-3.343179999999999763e-02 1.299500000000000091e-03 1.771129999999999927e-01
-3.336089999999999889e-02 1.249499999999999960e-03 1.778616000000000086e-01
-3.261449999999999766e-02 1.826200000000000045e-03 1.784598000000000018e-01
-3.284979999999999845e-02 1.667099999999999919e-03 1.798145999999999911e-01
-3.257209999999999966e-02 1.966100000000000139e-03 1.809796999999999934e-01
-3.253299999999999942e-02 1.946400000000000040e-03 1.818058999999999925e-01
-3.249019999999999686e-02 2.025799999999999910e-03 1.832574999999999898e-01
-3.244829999999999937e-02 1.800799999999999970e-03 1.838716999999999990e-01
-3.228280000000000038e-02 1.967399999999999791e-03 1.851126999999999911e-01
-3.234999999999999681e-02 1.968399999999999924e-03 1.861182000000000114e-01
-3.227429999999999882e-02 1.941999999999999933e-03 1.873041000000000011e-01
-3.191850000000000243e-02 1.997599999999999983e-03 1.877562000000000120e-01
-3.180039999999999950e-02 2.165700000000000004e-03 1.888149000000000077e-01
-3.218180000000000346e-02 2.174800000000000171e-03 1.905508999999999953e-01
-3.224250000000000033e-02 1.769399999999999966e-03 1.915634999999999977e-01
-3.228190000000000226e-02 2.048700000000000087e-03 1.929681000000000035e-01
-3.240069999999999756e-02 2.236300000000000093e-03 1.939912000000000025e-01
-3.239249999999999768e-02 2.208599999999999799e-03 1.934926999999999897e-01
-3.204130000000000172e-02 2.253699999999999974e-03 1.928744000000000014e-01
-3.212190000000000184e-02 2.400100000000000063e-03 1.928622999999999865e-01
-3.215439999999999965e-02 2.302600000000000133e-03 1.929873000000000005e-01
-3.256740000000000329e-02 2.222899999999999876e-03 1.946180000000000132e-01
-3.218889999999999946e-02 2.374999999999999941e-03 1.945696000000000092e-01
-3.238629999999999981e-02 2.373899999999999968e-03 1.944663000000000086e-01
