2.776856745490229367e-06
1.408693205543782006e-03
1.609285426848260092e-03
2.013389013115469191e-03
1.688033505689954779e-03
1.532771882053589286e-03
1.473311844348097017e-03
1.352841247086974388e-03
1.609582089315846629e-03
1.634502390637763806e-03
1.499427968117887731e-03
1.706214757744811293e-03
1.523378677641832549e-03
1.459968831182153559e-03
1.814822486122469975e-03
2.275340929985432241e-03
1.964873525048079893e-03
2.208241418325030542e-03
2.317517270491396050e-03
2.422227138625633429e-03
2.322893005892708550e-03
2.620161304354597705e-03
2.587786290970451632e-03
3.395377721629693705e-03
3.469822388366410222e-03
2.769951365701074988e-03
3.429091760789328668e-03
3.330120566339040983e-03
2.398223939491046265e-03
3.441947164848372688e-03
3.408910712849730872e-03
3.825793378873412753e-03
3.941347283821661912e-03
3.994333534038754276e-03
4.324319336899929908e-03
4.520299440582485617e-03
4.116656689414614594e-03
5.353929123999043999e-03
4.882010009610308204e-03
5.118532782609507871e-03
4.777236465217592556e-03
4.860775408731523792e-03
4.688484246684745255e-03
5.010458595089217239e-03
5.596727400089742711e-03
5.403793992296399180e-03
5.506619292790670105e-03
5.229506903560832143e-03
5.412965905185297862e-03
5.848001841666122455e-03
6.091116830997877866e-03
5.648154803117246166e-03
5.785738738793412203e-03
5.130501617200158154e-03
5.879815496289011664e-03
5.705197567995014263e-03
5.738532715101987355e-03
6.146481565943096720e-03
6.590465258097736104e-03
6.533110680990895577e-03
6.316261003733998451e-03
6.426987692290696448e-03
6.044426759951903802e-03
6.285703786313689631e-03
6.457687555042691645e-03
6.628242581146311097e-03
7.037534997930017938e-03
7.249031165979070296e-03
7.444396594692231917e-03
7.066362620736608459e-03
6.815794381292567851e-03
6.901775347336807503e-03
6.292479496086834934e-03
7.067634284478771858e-03
7.065616862662818173e-03
7.234510012068658992e-03
7.496515883933596927e-03
6.898231363916675768e-03
7.946780026754803744e-03
7.278379074492196017e-03
7.257486529501932376e-03
7.156517082157010622e-03
7.061051436215634407e-03
7.056662905742082902e-03
7.413486206094748419e-03
7.355042481576978819e-03
7.977805018306137128e-03
7.203938093225892292e-03
7.714162403146215298e-03
7.649218797067299479e-03
7.467906294756123005e-03
7.527847334420577005e-03
7.445049270831396830e-03
7.656697192371561891e-03
8.255031235676446588e-03
8.124344757961199370e-03
7.757822031521279665e-03
7.609380278489153403e-03
8.012434286718104690e-03
8.113144295333708095e-03
8.117728220020268767e-03
8.317903241781453988e-03
7.826358733589616409e-03
7.727800295355771037e-03
7.933096357743757085e-03
8.196772922392521477e-03
7.899640514494639040e-03
7.587223918109968837e-03
8.635502166314942482e-03
8.614740862460440810e-03
7.869232091838377491e-03
7.007641514917157741e-03
7.645401118394322577e-03
7.140519545086226709e-03
7.199192132963262887e-03
7.158090981019653298e-03
8.260802969957067171e-03
7.247990760786622230e-03
6.986598428385040228e-03
6.837955421939098839e-03
6.590297788385959983e-03
6.630404358661527026e-03
6.700318847358164784e-03
6.443754595116942159e-03
6.870421396179229867e-03
6.779375728526616449e-03
6.408710182543598914e-03
6.234759062003280422e-03
6.934396009105569386e-03
6.659779798119644378e-03
7.294015598516992958e-03
7.482661466478569140e-03
6.796762684898871587e-03
7.108131043720604565e-03
6.578697253332306191e-03
6.732869450909876978e-03
6.693085674931992766e-03
6.310806269881658222e-03
6.569175785234505904e-03
6.789754017228923424e-03
6.838928711932799366e-03
6.702993588744191392e-03
6.501532733298167818e-03
7.067049531534968544e-03
6.780729156009907346e-03
7.144241721274829753e-03
7.057872657843370680e-03
7.025380455206876873e-03
7.422475585208379578e-03
7.119521154792176655e-03
7.144136739861625673e-03
6.993526576045962576e-03
7.547498442584290104e-03
7.968399858065184152e-03
8.481646639905736709e-03
7.607515740099218479e-03
7.588165559758194671e-03
8.668162541904302770e-03
7.895921269055673763e-03
8.277364623042167066e-03
7.801199096857051873e-03
8.006798496170780544e-03
8.117003666887752725e-03
8.416655163528352634e-03
8.457902980328802292e-03
8.434578363304356952e-03
8.163409277399277103e-03
8.247250314715716402e-03
8.695530895120366643e-03
8.641872893669156133e-03
8.353653745277625151e-03
8.562092086440049876e-03
9.309261961412424596e-03
9.068841384489977411e-03
9.250149661753030023e-03
9.566819379980497431e-03
9.346332707297190165e-03
8.785599420601150969e-03
9.300242272638190033e-03
9.894770390240116911e-03
1.011813000851860198e-02
1.013078951694764904e-02
1.049926123256935372e-02
9.886107234348578618e-03
1.009252596481909764e-02
1.005544692105477325e-02
1.010357388139363280e-02
1.045272106689081396e-02
1.019405625993385911e-02
1.022858087218923850e-02
1.012994479860479177e-02
1.024524555088578148e-02
1.062527310751499275e-02
9.933647721512417830e-03
1.027503559693682469e-02
1.042252014733063836e-02
1.048787236212466410e-02
1.057191590206681998e-02
1.069040702135695686e-02
1.073675592993503063e-02
1.096433848070777622e-02
