6.932200326477710658e-03
6.629382283310985419e-03
5.778051922051467490e-03
5.376617660495771993e-03
5.511339846535108153e-03
5.766132049521996948e-03
9.301628245606053877e-03
8.866439656868799202e-03
9.793458895674391970e-03
1.026791528756938743e-02
1.149813371446372842e-02
1.269711556454045445e-02
1.336012996852789514e-02
6.849953543339202394e-03
6.087958682977145410e-03
4.800316094610821566e-03
4.490297880783603035e-03
4.706672471554125027e-03
4.944023097035896326e-03
6.681271374633359836e-03
8.820080258582361360e-03
1.011455016423813691e-02
1.064274867125485600e-02
1.167499728093099841e-02
1.191264831839507037e-02
1.329675162748540293e-02
1.552711831132385506e-02
6.103633648127465561e-03
4.115389178122453966e-03
3.838515919239366726e-03
3.938199108957650928e-03
4.767322959146689208e-03
5.293715745210647583e-03
5.367550146372163968e-03
7.060994987204596840e-03
8.075712827863680901e-03
9.772861886083783478e-03
1.183019789915754245e-02
1.147948322899926960e-02
1.245528340527315113e-02
1.534080188588206849e-02
1.585871949076258017e-02
4.416028779018577738e-03
3.612606661088430936e-03
3.817004721556137032e-03
3.594104608344794553e-03
3.886501828384636599e-03
4.060074344129111813e-03
5.185307323265431895e-03
6.735436914868615788e-03
7.232249612498342466e-03
1.060460306314834830e-02
1.115935134489450670e-02
1.143152925471974460e-02
1.189004538108163860e-02
1.497703987122768129e-02
1.249532665487144804e-02
4.535392394743452404e-03
3.905911392425719716e-03
4.272266286448459828e-03
4.402730224737480894e-03
4.280445564408504218e-03
3.976671933312320856e-03
5.287341704008294459e-03
6.677949509180303687e-03
7.447505749724990520e-03
1.106895693804864876e-02
1.199660760892638442e-02
1.126952434279515809e-02
1.122041157416684212e-02
1.004636192732532261e-02
1.079599678925334712e-02
4.792000936223796657e-03
3.818234201724553072e-03
4.592268190240089351e-03
4.284883821522121779e-03
4.388541571647670315e-03
3.628544606713216599e-03
4.848139207643359545e-03
7.295791949354001049e-03
8.423726760147519019e-03
1.055455394784238742e-02
1.081625987550901766e-02
9.492455220773158772e-03
9.169945656669451980e-03
9.428259661474465078e-03
1.031084304075428719e-02
4.761078584920707540e-03
4.586085867118182974e-03
4.361773623311104332e-03
4.306747934859783862e-03
4.012426597747339833e-03
3.649471424964826401e-03
4.021250642836093903e-03
5.827512040697223339e-03
8.152109839541106170e-03
8.988755592955878157e-03
1.025178069793225392e-02
9.386329462784179581e-03
9.059142334669346985e-03
8.898578606782231101e-03
9.807695895004832354e-03
4.627561219852065894e-03
5.533142277127623375e-03
4.657036923706087128e-03
3.869337152541425275e-03
3.690510626826713509e-03
4.097830981423902438e-03
4.381270335514599219e-03
5.604529419719283222e-03
6.920198692166389977e-03
9.031106662283192379e-03
1.028029061158868863e-02
9.734112192790918272e-03
9.152767554548713394e-03
9.102263358138983074e-03
8.283731690014305149e-03
3.799056219613522554e-03
6.361836250130068621e-03
5.179933710162763945e-03
3.337198411999501776e-03
3.553127619757581301e-03
4.257250479909021126e-03
4.178785908948722677e-03
5.407090426251218163e-03
6.556577306351999389e-03
8.279649204857165989e-03
7.538431530253062764e-03
7.940386029293955081e-03
7.661155419365100160e-03
7.572176656859524145e-03
7.431025568196071747e-03
4.194292977721018369e-03
5.305829179352752022e-03
4.360847828437143699e-03
3.758650599742558666e-03
3.688667564935500364e-03
4.134799246050750721e-03
4.105308784672350754e-03
5.284076476636439916e-03
6.035772236226246909e-03
8.393808907426116017e-03
6.950858113383735423e-03
7.786189113854805575e-03
6.873227703959602398e-03
7.162784593294499631e-03
8.005411785781679779e-03
6.575064324143699117e-03
5.391398173172214786e-03
5.183665962258556317e-03
4.442910452237797125e-03
4.268736527266620527e-03
3.767024382366219743e-03
4.055511820428617763e-03
4.126935178791612570e-03
4.391026804779670119e-03
8.166113547562038263e-03
6.972299408227256197e-03
7.935638557664877885e-03
6.383819982527630214e-03
6.809679490265920648e-03
6.926320018329303052e-03
4.173948452692127081e-03
3.372451252262316339e-03
4.307481601593357752e-03
5.269798140889450297e-03
3.965218263024937288e-03
2.898047426808162113e-03
3.155154791146294602e-03
4.498949541423043902e-03
4.685892877562796398e-03
6.040554947164187422e-03
6.055574278018219757e-03
6.579509835495655178e-03
7.610238508196242105e-03
6.962845557188587428e-03
7.597190288702878637e-03
3.213905091096290207e-03
2.404527970362658335e-03
2.477962317510475597e-03
5.159573699000166540e-03
3.434441976749630279e-03
2.939620771125626020e-03
3.294118212081899744e-03
3.466284436530512290e-03
8.372415869556996959e-03
5.943301590205870080e-03
6.101892183798907771e-03
6.649343966418385689e-03
7.183099522334130023e-03
7.393940392446087667e-03
7.354132356964844172e-03
2.431650113184653534e-03
1.851643866567469297e-03
2.030159050218798000e-03
4.193321634918006913e-03
3.324563668308714789e-03
4.158923175389790498e-03
3.831550374682714515e-03
8.689143129656859768e-03
7.996400850662841245e-03
6.769418818366468478e-03
7.119211810756826547e-03
7.164749682913372324e-03
6.645967766864976055e-03
7.993111617988281001e-03
7.525743042212674865e-03
3.028261516966036793e-03
2.606370995998085870e-03
2.902763386011420355e-03
4.463881560003579371e-03
4.255377474375328373e-03
6.085281200076809831e-03
6.219997612842873350e-03
8.152724971151470088e-03
8.064015856503847779e-03
7.806128261620132527e-03
8.030727218410268695e-03
7.122954900436733773e-03
6.279072968696999477e-03
8.837468245944739634e-03
3.899828711552406554e-03
3.550171560204740638e-03
6.430586679509623337e-03
5.226439847356051036e-03
5.190493640911520053e-03
7.541364397093727745e-03
9.134364342177981114e-03
7.793546997158977939e-03
8.200028007711046910e-03
8.233930002805308485e-03
8.061781439893132839e-03
7.521028632752189969e-03
7.171517459267926289e-03
7.918509687134875699e-03
6.234451563129970834e-03
7.319269433098646131e-03
5.731433833861231987e-03
6.041914131955721315e-03
