5.549351883987288861e-03
4.727186662937278398e-03
3.788201008640711565e-03
2.686393942999009635e-03
3.250127324639861225e-03
3.108087259886869666e-03
6.977612490937187828e-03
5.616023543462231316e-03
5.796407321606998793e-03
7.307652814953185215e-03
8.393751290529521958e-03
9.103039099454916794e-03
9.767584046302594733e-03
5.482413310242529800e-03
4.377260628105395825e-03
3.495377687672477588e-03
2.408991451954367244e-03
2.698271085892743788e-03
2.697970245533914870e-03
4.305762118330939102e-03
5.774661398200846806e-03
6.975693377985882869e-03
7.108333328303264448e-03
8.443035611614066460e-03
8.663713229690251164e-03
9.864622222642479080e-03
1.552711831132385506e-02
4.957767499990724247e-03
4.000154328509349620e-03
3.002746456965285204e-03
2.243813358951563669e-03
2.975547454546933340e-03
3.041876062973221904e-03
3.319575761755307660e-03
4.683352070883732045e-03
4.973952060759957196e-03
6.228261555438463146e-03
8.554778402365410817e-03
9.445397671656995120e-03
1.090437563168654075e-02
1.534080188588206849e-02
1.585871949076258017e-02
3.691500868296148860e-03
3.037883079986074090e-03
2.428048860226104683e-03
2.183318990676557346e-03
2.505828306746127072e-03
2.183210067636338035e-03
3.000472065302269790e-03
4.177776142139339594e-03
4.153765538772244068e-03
7.273532874159403805e-03
9.090757675107512953e-03
9.289641860253942257e-03
1.018219823145136149e-02
1.497703987122768129e-02
1.175629199010178733e-02
3.072862054652242356e-03
2.509646951707441512e-03
2.560701721639775576e-03
2.832766330397840614e-03
2.960203813194338916e-03
2.475894857846682329e-03
2.982515934391401311e-03
4.156746753301489988e-03
4.566813948846871161e-03
8.366727047780556439e-03
1.068439734497325308e-02
9.363842165486803773e-03
1.010214369767229586e-02
9.424437865046136203e-03
9.482255872185237425e-03
3.505117783499001223e-03
2.468680703447232762e-03
3.049022170589930827e-03
2.682357451957256573e-03
2.897831328695093297e-03
2.337905953624355194e-03
2.698952188502200082e-03
5.069159453188008986e-03
5.788904443309081382e-03
8.455064861261430212e-03
9.031709300386556519e-03
7.783231927904089333e-03
7.431852844119794972e-03
8.334484853910917312e-03
8.004439085306697815e-03
3.663105922588958188e-03
3.415221746881209625e-03
3.020930168825891864e-03
2.904862383222995247e-03
2.740284798676101766e-03
2.072259811545485667e-03
2.056252039894832396e-03
3.752406468772472893e-03
5.800594483034231599e-03
6.597252986602374081e-03
7.959942114469943306e-03
7.745882846642081904e-03
7.061204479182537144e-03
7.178984972936754833e-03
7.591934370187421351e-03
3.414218202789327979e-03
4.329560347716903540e-03
3.519997864831887497e-03
2.597393294268134957e-03
2.482772313651457514e-03
2.458812462731232128e-03
2.574784180788851438e-03
3.587327258133176690e-03
4.773246337525287319e-03
7.070878629493920590e-03
8.944742425590457291e-03
7.879100521894366257e-03
7.379706546464999753e-03
7.882980534236933706e-03
8.228098088100758989e-03
2.934872587466269469e-03
5.417203711373592620e-03
4.084384010928632062e-03
2.533258922370289559e-03
2.197206808040984109e-03
2.550131936710494512e-03
2.533990018699892616e-03
3.451723173325556889e-03
4.098596930531646018e-03
6.569800567141368362e-03
5.436152391209828072e-03
5.761381642387911409e-03
5.666806653897227090e-03
5.647883447731581220e-03
6.330163865446656810e-03
3.258266428888622647e-03
4.310031573227907607e-03
3.157873730643175145e-03
2.944546259953570964e-03
2.805966356264158381e-03
2.825458016853538406e-03
2.587401241513515807e-03
3.320279125754364586e-03
4.084642453522268658e-03
6.303623152447317309e-03
4.599361603417021806e-03
5.233633710159480389e-03
5.091808967127821155e-03
6.074776208111165067e-03
5.987037788262890466e-03
5.493810090939491193e-03
4.151288002119248727e-03
4.189112193096806817e-03
3.579050401545394011e-03
3.010763852470160502e-03
2.570352199170576439e-03
2.893030587440976065e-03
3.122027020710891210e-03
3.122551354451628524e-03
6.049591672403474042e-03
4.650576124890112156e-03
5.433317002726241116e-03
5.327940276791068991e-03
5.107301769484777834e-03
4.862703374643179664e-03
3.693355492950968402e-03
2.960816196013075358e-03
3.364767091561905905e-03
4.033648632513127733e-03
2.735838764323968685e-03
2.325974656176285366e-03
2.381485972590559330e-03
3.471497552867849196e-03
3.407481928073351641e-03
4.286491179454200544e-03
3.894581717198056844e-03
4.295139141445655437e-03
6.741852452051802676e-03
4.900841358414878904e-03
5.663626199757300708e-03
3.207477262540169103e-03
1.922266001799213288e-03
1.695550259999671410e-03
3.889935098088054353e-03
2.549521574074059462e-03
2.603537092606226459e-03
2.852644926557938113e-03
2.940494362125868014e-03
6.868141981314366921e-03
4.401376019162473070e-03
4.262451767059627188e-03
4.304245495427381357e-03
7.151955271844024492e-03
5.989616927320128362e-03
4.988487315782929969e-03
1.944312065913902498e-03
1.427012321942332891e-03
1.954806444990397733e-03
4.539820073700662727e-03
3.095253998534151698e-03
3.583896288935521385e-03
3.268469511925136371e-03
8.516652018424882703e-03
7.182103660495126919e-03
5.219687413498388939e-03
5.378805052266636723e-03
6.808259630974252546e-03
5.721615133946066252e-03
6.021793129557364080e-03
3.729929663252131052e-03
2.710512644653000243e-03
2.182681414655488449e-03
2.632739643255869403e-03
4.672392489231048072e-03
4.202471225897767663e-03
5.758363090974477801e-03
5.719335165931217421e-03
7.601789166381702975e-03
7.147093183032019424e-03
6.775770364190215715e-03
6.918583074538268637e-03
6.283760318690123116e-03
4.448898988011390325e-03
5.330044764907224293e-03
3.811102063946462948e-03
3.054616546527070143e-03
6.020099091440883621e-03
4.798355850562527336e-03
5.122619894198814083e-03
7.543818001167395051e-03
8.921564019178573543e-03
7.590286971176441258e-03
7.934246786791294276e-03
7.904284392756906127e-03
8.159682657384308146e-03
6.873907607085817661e-03
5.847284274954182154e-03
3.529891098715684777e-03
5.665541237303570524e-03
6.149347343329173571e-03
5.349154852849630389e-03
6.730852324274641703e-03
