2.776856745490229367e-06
9.495647512164423140e-04
1.009046247334435690e-03
1.177520325023069048e-03
1.181792555052726739e-03
1.136208792540018735e-03
9.583415694692596493e-04
8.683033789474922659e-04
1.031147975744445798e-03
9.885417890457815198e-04
9.894563893387659740e-04
9.632685782985029232e-04
9.945269123829850524e-04
8.827482753118624315e-04
1.273038972380863753e-03
1.452803951320355298e-03
1.390138844422173859e-03
1.310741297073105081e-03
1.344467355201418206e-03
1.247944734558240586e-03
1.339439020168706543e-03
1.543541326906987862e-03
1.423383084436095338e-03
1.865993189833917935e-03
1.916992309720987964e-03
1.825461443647582440e-03
2.042984964204737613e-03
1.773685734683967197e-03
2.085170433997804180e-03
1.997914539711456456e-03
1.875419860971686220e-03
2.079741608034371084e-03
2.026900517311976124e-03
2.193460685311072154e-03
2.315670566630421111e-03
2.373429337308438376e-03
2.467604059697748459e-03
2.870803037059208897e-03
2.631836970094162797e-03
2.980412322617229364e-03
2.843134656656147626e-03
2.914855980862781672e-03
2.924014167277099677e-03
3.274373072732890584e-03
3.500058464744911727e-03
3.353648747670148755e-03
3.301954693216967076e-03
3.143846000609023302e-03
3.231245241367558096e-03
3.376597975269661316e-03
3.512524182822508376e-03
3.555038105416360918e-03
3.435471684832192094e-03
3.456524964037183730e-03
3.927509111418509870e-03
3.663730736304109722e-03
3.723689218630885610e-03
3.983494682699270130e-03
4.186749993019764533e-03
4.240582119278944913e-03
4.132563340885342211e-03
4.261387474520744040e-03
4.130544283409762554e-03
4.334287529555051754e-03
4.517642327898014828e-03
4.630554856749048709e-03
4.719487836250303020e-03
4.704765938243109583e-03
4.807444793346560448e-03
4.767031523313326399e-03
4.519224141663034239e-03
4.654716791706373785e-03
4.338339605211829521e-03
4.921235873317150733e-03
4.838251374943462572e-03
4.882438636456020060e-03
5.051403155912757847e-03
4.607093781422800204e-03
5.373716871358871078e-03
4.852501901254353649e-03
4.864487356689434737e-03
4.759380971515067733e-03
4.743420138179907548e-03
4.698054300948478930e-03
5.054454855529774519e-03
5.006590901818477532e-03
5.473999969858995424e-03
5.071353439215344448e-03
5.385001920311951150e-03
5.279273636390456950e-03
5.203905474274247468e-03
5.205892821482605189e-03
5.121796482351509069e-03
5.243384121918649027e-03
5.708293773807564600e-03
5.451619071327247490e-03
5.169797533537698678e-03
5.122217941191680238e-03
5.429383509348645158e-03
5.459120136232185720e-03
5.439566406197300467e-03
5.609269030211944985e-03
5.222497743926552728e-03
5.271163389894567737e-03
5.337893951200309295e-03
5.581890842701974983e-03
5.202475173954625685e-03
5.032261436308659019e-03
5.817599558609023308e-03
5.750576502406797887e-03
5.312276995598599547e-03
4.930970861667096847e-03
5.527961306957328985e-03
5.360450848540540894e-03
5.533732952815275871e-03
5.460742191766158708e-03
6.260399652594334299e-03
5.407211260804828563e-03
5.321452736432730722e-03
5.094859479472555602e-03
5.003583615742697964e-03
5.087707101958745606e-03
5.180805033248426714e-03
5.122201948301968039e-03
5.547102126093175767e-03
5.381822753497925160e-03
5.082377833927977789e-03
5.023572602573291197e-03
5.584290728529214820e-03
5.340432450401783569e-03
5.888482069384275673e-03
5.965657769429602575e-03
5.436247815261107709e-03
5.712058339983996577e-03
5.239766939929452715e-03
5.498571676581077462e-03
5.442377358015478353e-03
5.245750442767811543e-03
5.474710159946747506e-03
5.657021971380486389e-03
5.689905285903459203e-03
5.612590501209619581e-03
5.473344358829898733e-03
5.993437246520804534e-03
5.758380380368530518e-03
6.153326549043170064e-03
6.018398841428979767e-03
6.038671335856679936e-03
6.398644808301834526e-03
6.057504833399251533e-03
6.030540619199904924e-03
5.916959114877358775e-03
6.443807968132346173e-03
6.899385926387736553e-03
7.324617554187174730e-03
6.697080727904317771e-03
6.722490419390140040e-03
7.746282650282505094e-03
7.132250056738446975e-03
7.520596539625064303e-03
7.139250800738337378e-03
7.426411708647377707e-03
7.519907086929813328e-03
7.869764188555153708e-03
7.929696393624010090e-03
7.883773650730488761e-03
7.658687660569971946e-03
7.807944351556992540e-03
8.294580762427266468e-03
8.174804328480748603e-03
7.865918833600691468e-03
8.043583575660503623e-03
8.719715224135721546e-03
8.425875454502974524e-03
8.527332756541198058e-03
8.753400098821771669e-03
8.495857440584016207e-03
7.947613974625466343e-03
8.452668249637286524e-03
9.082045357150247272e-03
9.220237113234866846e-03
9.189853726722549757e-03
9.530468337147966068e-03
8.895117971801615869e-03
9.163508583601830820e-03
9.158567379957705326e-03
9.128303469844780207e-03
9.552871784663886923e-03
9.264972353174846798e-03
9.320448741677731658e-03
9.222065212685325725e-03
9.433672985400045133e-03
9.773963615196589946e-03
9.083253258661947230e-03
9.514091674980773225e-03
9.766231142249929068e-03
9.805235220034116614e-03
9.853112703921355908e-03
1.010380119302555467e-02
1.012142530415220849e-02
1.051411632678342888e-02
