CLUSTEROFFSETS 75
8
20
28
49
71
84
97
123
138
179
189
204
229
269
277
295
331
355
381
409
418
440
480
489
518
551
574
602
639
654
682
711
754
779
814
824
853
886
929
961
978
1002
1030
1066
1077
1099
1140
1166
1192
1207
1235
1262
1290
1323
1353
1362
1382
1408
1434
1462
1478
1509
1532
1562
1595
1611
1628
1656
1689
1714
1747
1773
1782
1801
1820
CLUSTERINDICES 1820
737
738
749
750
751
761
762
763
722
735
747
736
737
748
759
749
750
760
761
762
719
720
733
745
746
734
757
758
703
704
715
716
717
718
729
730
731
732
741
742
743
733
744
745
754
755
746
756
757
700
701
712
725
713
714
715
716
726
727
728
739
729
730
740
741
742
752
743
753
754
755
696
709
710
722
723
724
736
737
738
749
750
751
762
694
695
707
708
709
721
722
723
735
747
736
748
759
653
654
668
669
670
671
683
684
685
686
697
698
699
700
711
712
725
713
714
726
727
728
739
740
741
752
662
676
663
677
691
678
692
705
706
693
719
720
733
746
734
656
657
658
659
670
671
672
673
674
675
685
686
687
688
689
690
699
691
700
701
702
703
704
713
714
715
716
717
718
727
728
729
730
731
732
741
742
743
744
754
755
652
666
667
680
681
682
695
696
709
710
649
650
651
664
665
666
678
679
680
681
693
694
695
707
708
614
615
629
630
631
644
645
632
646
647
659
648
660
661
674
662
675
676
689
690
677
691
704
692
705
607
608
609
610
622
623
624
625
626
627
638
639
640
641
642
643
653
654
655
656
657
658
668
669
670
671
672
673
683
684
685
686
687
688
697
698
699
700
701
712
604
605
620
621
636
637
652
667
602
603
604
618
619
620
633
621
634
635
636
649
650
651
652
664
665
666
577
578
579
580
593
594
595
596
597
609
610
611
612
613
614
625
626
627
628
629
630
641
642
643
644
645
646
656
657
658
659
660
672
673
674
675
565
566
582
583
584
585
599
600
601
602
615
616
617
618
631
619
632
633
647
634
648
649
650
663
554
555
556
557
572
573
574
575
589
590
591
592
593
606
607
608
609
622
623
624
625
638
639
640
653
654
543
544
545
562
563
564
579
565
580
581
582
596
583
597
598
599
613
600
614
615
629
616
630
631
645
632
646
647
551
552
570
571
587
588
604
605
621
529
530
548
549
550
551
566
567
568
569
570
584
585
586
587
601
602
603
604
618
619
620
518
519
520
521
537
538
539
540
541
542
555
556
557
558
559
560
561
573
574
575
576
577
578
579
590
591
592
593
594
595
607
608
609
610
611
612
624
625
626
627
513
514
532
533
534
552
553
570
571
486
487
488
505
506
507
508
509
525
526
527
528
529
545
546
547
548
549
564
565
566
567
568
582
583
584
585
600
601
455
456
475
476
477
478
495
496
497
498
499
515
516
517
518
519
535
536
537
538
539
554
555
556
557
558
572
573
574
575
589
590
591
471
470
490
491
492
493
509
510
511
512
513
529
530
531
532
533
549
550
551
552
568
569
570
462
463
464
483
484
485
486
502
503
504
505
506
522
523
524
525
526
542
543
544
545
546
561
562
563
564
580
581
441
442
440
439
458
460
459
461
462
479
478
480
481
482
483
498
499
500
501
502
503
518
519
520
521
522
523
538
539
540
541
542
543
558
559
560
561
434
453
454
472
473
474
492
493
494
512
513
514
532
533
534
430
429
448
449
450
451
466
467
468
469
470
487
488
489
490
491
507
508
509
510
511
527
528
529
530
548
549
550
406
407
425
426
427
428
444
445
446
447
448
463
464
465
466
467
484
485
486
487
488
504
505
506
507
508
525
526
527
378
400
396
397
398
399
416
420
417
419
418
436
437
441
440
438
439
455
456
457
458
460
459
475
476
477
479
478
480
481
495
496
497
498
499
500
516
517
518
519
520
537
538
392
391
393
411
412
410
413
431
432
430
433
434
452
450
451
453
469
471
470
472
490
491
492
493
511
383
382
384
385
401
403
402
404
405
406
421
422
423
424
425
426
441
442
443
444
445
446
460
461
462
463
464
481
482
483
484
485
502
503
504
375
394
395
414
415
434
435
454
473
474
350
349
348
368
370
369
371
387
388
390
389
391
407
411
408
410
409
427
428
431
430
429
447
448
449
450
451
467
468
327
326
325
348
347
344
345
346
364
368
365
366
367
383
384
385
386
387
388
403
404
405
406
407
408
423
424
425
426
427
444
445
446
301
302
319
320
321
323
322
344
339
340
341
342
343
338
364
362
363
361
360
359
358
383
382
384
381
380
379
378
401
403
402
400
398
399
421
422
420
419
423
441
442
440
439
297
318
317
316
339
338
337
336
360
359
358
357
356
380
376
379
378
377
400
396
397
398
399
416
417
419
418
436
437
438
439
456
314
335
334
333
355
354
353
373
374
375
393
394
395
413
414
415
434
312
311
333
332
331
330
353
352
351
350
373
372
370
371
392
390
391
393
411
412
410
413
431
432
268
267
266
290
289
288
287
286
310
311
309
308
307
331
330
329
328
351
350
349
348
368
370
369
371
388
390
389
262
261
260
284
283
282
280
281
306
305
304
301
303
302
326
324
325
321
323
322
344
345
346
341
342
343
364
362
363
365
361
366
383
382
384
385
273
272
294
293
315
314
335
334
355
354
375
251
250
272
271
270
269
293
292
291
290
314
313
312
311
334
333
332
331
354
353
352
373
238
237
236
257
256
258
259
260
255
278
277
279
276
282
280
281
299
300
298
297
301
303
302
319
320
321
318
323
322
317
339
340
341
342
343
338
362
361
360
359
358
213
234
233
255
254
253
277
276
275
274
299
298
297
296
295
319
318
317
316
338
337
336
358
357
356
376
244
243
242
241
265
264
263
262
261
287
286
285
284
283
282
308
307
306
305
304
328
327
326
325
347
346
212
211
210
232
231
230
252
251
273
272
271
294
293
292
314
210
209
208
207
231
230
229
228
227
226
251
250
249
248
247
246
271
270
269
268
267
292
291
290
289
288
312
311
184
207
206
205
203
204
227
224
225
226
223
222
248
247
246
245
244
243
268
267
266
265
264
288
287
286
308
200
199
198
197
221
220
219
218
217
239
238
240
242
241
237
263
257
262
258
259
261
260
284
279
283
282
280
281
175
174
173
196
195
194
193
217
216
215
214
213
238
237
236
235
234
233
257
256
258
255
254
253
278
277
279
276
275
274
299
298
297
146
145
144
165
164
163
162
161
184
183
182
181
180
179
205
203
204
202
201
200
199
224
225
223
222
221
220
244
243
242
153
172
171
192
191
190
212
211
232
151
150
171
170
169
168
191
190
189
188
187
211
210
209
208
207
231
230
229
228
149
148
147
169
168
167
166
165
164
188
187
186
185
184
183
209
208
207
206
205
204
228
227
224
225
226
124
123
122
142
141
140
139
161
160
159
158
157
180
179
178
177
176
200
199
198
197
196
220
219
218
217
104
103
122
102
121
120
140
119
139
138
137
158
136
157
156
155
177
154
176
175
174
197
196
195
194
217
216
215
118
117
116
135
134
133
153
152
151
150
172
171
170
169
191
190
93
92
91
111
110
109
108
107
128
127
126
125
124
146
145
144
143
142
141
164
163
162
161
160
159
182
181
180
179
201
200
81
80
99
98
97
96
117
116
115
114
113
134
133
132
131
130
151
150
149
148
169
168
167
78
77
96
95
94
93
113
112
111
110
109
131
130
129
128
127
126
148
147
146
145
144
166
165
164
163
162
184
183
182
56
55
54
53
74
73
72
71
70
91
90
89
88
87
108
86
107
106
105
104
125
124
123
122
121
142
141
140
139
138
159
158
157
50
49
67
66
65
84
83
82
101
100
99
118
117
116
135
134
34
52
51
69
68
87
86
85
104
103
102
121
120
119
138
137
136
29
28
27
47
46
45
44
64
43
63
62
61
81
60
80
79
78
98
77
97
96
95
94
114
113
112
131
130
26
25
44
24
43
42
61
41
60
40
59
78
58
57
77
56
76
75
74
95
73
94
93
92
91
112
111
110
109
108
128
127
126
15
33
14
32
13
12
31
50
30
49
29
48
67
47
46
66
65
64
63
83
82
81
80
99
98
7
6
5
25
4
24
23
3
2
22
21
41
20
19
40
39
38
37
58
36
57
56
55
54
75
53
74
73
72
71
91
90
89
3
2
1
21
0
20
19
18
17
38
37
36
35
54
34
53
52
71
51
70
69
68
88
87
86
104
16
15
33
32
31
50
49
67
66
14
13
12
11
10
30
29
28
9
27
47
46
26
45
44
43
63
62
61
10
9
27
8
26
7
6
5
25
24
43
23
22
42
41
40
59
58
57
