CLUSTEROFFSETS 22
16
30
43
62
94
131
154
172
201
230
267
286
314
340
368
396
425
462
488
519
537
560
CLUSTERINDICES 560
195
196
197
198
209
210
211
212
213
223
224
225
226
227
237
238
178
192
193
194
207
208
209
221
222
223
224
235
236
237
189
190
191
203
204
206
205
218
219
220
234
232
233
187
188
186
203
202
200
201
218
214
215
217
216
219
232
228
229
230
231
233
154
155
153
170
167
169
168
171
182
183
185
184
186
196
197
198
202
200
199
201
211
212
213
214
215
217
216
226
227
228
229
230
138
137
136
135
149
150
151
153
152
163
164
165
166
167
169
168
178
179
180
181
182
183
184
193
194
195
196
197
198
209
210
211
212
213
224
225
226
117
133
132
134
147
148
149
162
163
164
165
177
178
179
180
192
193
194
207
208
209
221
222
130
131
144
145
146
159
160
161
174
175
176
189
190
191
204
206
205
220
128
127
129
141
142
143
144
145
157
156
158
159
160
172
173
171
174
175
187
188
189
186
190
203
202
201
204
218
219
96
95
111
110
108
109
127
126
125
123
122
124
141
142
140
139
138
137
157
156
154
155
153
170
169
168
171
185
184
77
76
75
93
92
90
91
89
108
107
109
104
103
106
105
123
122
119
121
118
120
138
133
137
136
135
134
148
149
150
151
153
152
164
165
166
167
70
71
85
84
86
100
99
101
98
116
115
114
113
130
129
131
144
145
146
68
67
84
83
82
81
100
99
98
96
97
115
114
113
112
111
130
128
127
129
126
141
142
143
144
157
156
158
58
59
57
75
73
72
74
90
88
89
87
104
103
105
102
119
118
120
117
133
132
135
134
147
148
149
50
48
49
65
63
64
62
81
80
79
78
77
96
95
94
93
92
91
110
108
107
109
125
123
122
124
139
138
26
41
40
39
38
56
55
54
53
52
70
71
69
68
67
85
84
83
86
82
100
99
101
98
97
115
114
113
22
23
21
38
37
36
35
34
53
52
51
50
48
49
68
66
65
67
63
64
82
81
80
79
96
97
95
111
110
18
17
16
15
32
31
30
29
28
48
47
46
45
43
44
63
62
61
60
58
59
78
77
76
75
73
74
93
92
90
91
88
89
107
104
106
105
2
0
1
16
15
13
14
30
29
28
27
45
43
44
42
60
58
59
57
75
73
72
74
88
89
87
8
7
6
5
4
22
21
20
19
18
17
36
35
34
33
32
31
51
50
48
49
47
46
65
63
64
62
80
79
78
77
12
11
9
10
26
25
24
23
41
40
39
38
37
55
54
53
52
68
5
4
3
2
0
1
18
17
16
15
13
14
32
31
30
29
28
27
47
46
45
43
44
