1.368020769819392913e-06
7.212043129246260733e-05
1.386225697088008888e-04
2.193614988007548531e-04
2.948108977709497087e-04
3.623406054815935776e-04
3.815236556460606496e-04
3.938105696404209052e-04
4.326047108892481911e-04
4.799166663693988331e-04
5.353759060441930576e-04
5.876687050396905412e-04
6.492862729166746149e-04
7.206787699156962882e-04
8.093440565490895569e-04
8.880432429977909783e-04
9.706538575020294849e-04
1.058760272326491605e-03
1.052449398035005569e-03
1.055152496962283347e-03
1.070777631414437416e-03
1.097096912055434744e-03
1.141313714012887580e-03
1.199541144693637212e-03
1.189094777841453706e-03
1.182188087142470572e-03
1.181250039002149825e-03
1.184118353737047746e-03
1.194249534714632906e-03
1.208635143732182194e-03
1.210041572987050193e-03
1.213941910978469374e-03
1.219444358457383868e-03
1.226093064241567726e-03
1.234701352682088336e-03
1.244568472444104170e-03
1.247290040504099497e-03
1.251314363432228438e-03
1.257471797815405126e-03
1.265601879170137611e-03
1.274935264004448121e-03
1.283305328345357189e-03
1.268339250591024115e-03
1.256666894156744122e-03
1.246829669923656993e-03
1.243104322693683707e-03
1.245184648133349815e-03
1.252526703727351249e-03
1.239334044006472650e-03
1.229916841111844406e-03
1.222215679772679789e-03
1.219237832505199945e-03
1.219510151313633753e-03
1.224006515191560125e-03
1.220831417236952583e-03
1.220668260144397183e-03
1.221588289404256867e-03
1.224694126470749584e-03
1.231350695089003045e-03
1.238936427046215174e-03
1.247407560761992469e-03
1.256775979084603879e-03
1.253252981902366545e-03
1.257882905093914410e-03
1.268179452200499406e-03
1.283586807651091810e-03
1.250331019236814757e-03
1.223668939033547556e-03
1.205517368285864395e-03
1.180635270563104230e-03
1.165062844052640193e-03
1.154915314455424004e-03
1.108572518024672797e-03
1.067963221716250726e-03
1.026973831305811767e-03
1.000624518635492496e-03
9.792960926275383945e-04
9.570473509784135826e-04
9.539304938931804454e-04
9.803966674234484546e-04
1.022818188361442103e-03
1.077042037226448330e-03
1.040747219898005907e-03
1.025607576441380517e-03
1.035000040718227514e-03
9.995110974697692541e-04
9.788889079258705772e-04
9.763656130536119788e-04
9.905637158245501027e-04
