5.094241560175177732e-04
5.680367434292697042e-04
6.330536804005001137e-04
8.105761109945478892e-04
1.181919975310898908e-03
1.005191146657708010e-03
5.360877957571758435e-04
4.431524659308155108e-04
1.005083039988962377e-03
2.555629981451489757e-03
3.570128967357652852e-03
3.263452401635854368e-03
2.900703718102264853e-03
2.052442974468504829e-03
1.151413061614200723e-03
7.900886153906918436e-04
1.493574434033270596e-03
5.048241968570130753e-04
6.671804055738985405e-04
7.256737627675024019e-04
1.010909854444894986e-03
1.307054841367716151e-03
9.998460980446151596e-04
5.174069717693865166e-04
4.507628677601224982e-04
1.057189836930692763e-03
2.135719308692417880e-03
2.823520428239462057e-03
2.627332745841965897e-03
2.433644834607630401e-03
1.636546512600034475e-03
8.435647848344752847e-04
8.434372446552086851e-04
1.286499380144510464e-03
3.444604324490836418e-04
5.028945592682013436e-04
8.524875313545881217e-04
1.256981780857182630e-03
1.279997911429807010e-03
9.872085948506097944e-04
5.641484193587571316e-04
3.570947963535115832e-04
1.025662966742274442e-03
1.667131387283292973e-03
2.008564540007141009e-03
1.984576426519688106e-03
1.669319657533000541e-03
1.085959226442396357e-03
8.169957096531484672e-04
8.201707531227155068e-04
1.217533944153718775e-03
2.754554361774680295e-04
3.730192194493969012e-04
8.918852806928452993e-04
1.502293455048223526e-03
1.331662026683936044e-03
1.060690741274464104e-03
6.799325660875674008e-04
3.239291542199220788e-04
8.058202861065275275e-04
1.235751000892245472e-03
1.449436558870954416e-03
1.440712174902973640e-03
1.054188922169262566e-03
6.896272037450350062e-04
6.295742435652888552e-04
6.154248375822319195e-04
9.984888785173383699e-04
2.456186443902133544e-04
3.267519510863871801e-04
5.073285546530498669e-04
8.623265671763527150e-04
1.166734530517224552e-03
1.014056709710131968e-03
7.990382276894001734e-04
3.749631198771883841e-04
4.607446889361638872e-04
8.465469856694172839e-04
1.154130361346381375e-03
9.715976638279939185e-04
7.562197432879442464e-04
5.242135114130678630e-04
4.991551186219694933e-04
5.650890185340736458e-04
8.330126031396093821e-04
2.573265202259749241e-04
3.149125599459316185e-04
3.764836766411749414e-04
4.432053001744023796e-04
7.108634107568291040e-04
8.984820373105199430e-04
8.653629822342582840e-04
7.274082621161857701e-04
2.686708087750365134e-04
5.747207356721497446e-04
7.274191711474670575e-04
5.831060004996115390e-04
5.006115964360096119e-04
4.151808097958564758e-04
3.942857690029934691e-04
6.031358949421496618e-04
8.764103096857499102e-04
3.099596818511405499e-04
2.914940875567747082e-04
3.582353211855620213e-04
4.036674024851134575e-04
4.527823099594437887e-04
7.074618753924797991e-04
1.015016285890943610e-03
9.935082177097878491e-04
4.550415886503256908e-04
2.762245202667257954e-04
4.459621248703993907e-04
3.700808810300371815e-04
4.356790600825896339e-04
4.525114258939630591e-04
4.914958040449726338e-04
8.202186482173673149e-04
9.074092821709895621e-04
4.044003114941414792e-04
2.270016944810245854e-04
3.394640856579448631e-04
4.146352117316106549e-04
4.323293779338343613e-04
6.383441263035442284e-04
9.283403436956780838e-04
1.069209747686144987e-03
7.885234126967660424e-04
3.304002660044123526e-04
2.566064561434676047e-04
3.069096945979622217e-04
2.519027889167283060e-04
4.213889720692728111e-04
5.189237718501787337e-04
7.348464006620846097e-04
1.166064501478430906e-03
4.054908169789260748e-04
2.583957203988279075e-04
2.718054888288626595e-04
3.959971867250592259e-04
4.510509917575322041e-04
6.394382001141484364e-04
9.086840796504127736e-04
1.058642250182253650e-03
7.766996918434507452e-04
4.707025207076849581e-04
3.002295819937848180e-04
2.351523157251015272e-04
1.841215341576908789e-04
2.634305444158864941e-04
4.041967521097217827e-04
7.196319854577605145e-04
1.057407520502135975e-03
1.211281771656502401e-03
4.809193543336364417e-04
2.411259233616711061e-04
3.166275119848465432e-04
3.942283749412954529e-04
5.323610509212097072e-04
6.558422438716620274e-04
9.632455394341704526e-04
9.363321378157379946e-04
6.955178464982616658e-04
4.822150856423913757e-04
3.990016333507687596e-04
2.282156708409612141e-04
2.149947313330230394e-04
2.542791869805267608e-04
3.597058638344319769e-04
3.757586629454339714e-04
3.211597409727198196e-04
2.192225139797403699e-04
2.744678679979249193e-04
6.924113468005416074e-04
3.439296204387471789e-04
2.368580277883604540e-04
3.759114469370145647e-04
5.638494752766041529e-04
7.629681776246328203e-04
9.650703038225012841e-04
8.722030965799696051e-04
6.317631184552492197e-04
3.865059841884655747e-04
4.411506848514414698e-04
3.603457975504773545e-04
3.957930200843119499e-04
4.428045423910691625e-04
4.895746320737211612e-04
2.980667710555403682e-04
3.730834964034932541e-04
3.144042671061633666e-04
2.102992821777804639e-04
2.259679682803957641e-04
8.109619401479035549e-04
4.770842098285643152e-04
3.357137124357598710e-04
3.171802780936273046e-04
4.233230596010604412e-04
7.832811182636893526e-04
1.397348249728760103e-03
1.276590568379739731e-03
5.252768620430083501e-04
5.193937287320581422e-04
4.091518460197395208e-04
4.057659626300080292e-04
4.957955810659973395e-04
4.411826715961601189e-04
3.840312220449192994e-04
3.030460558078262000e-04
2.997891632107536268e-04
2.468789749768343102e-04
2.015094387899623706e-04
2.449274251467726399e-04
9.249815235981780114e-04
6.889482499675804797e-04
5.420701934045619704e-04
3.633359970336549677e-04
4.879161506221535525e-04
7.469246812750783907e-04
1.564689001507973401e-03
2.380425529031271296e-03
3.056045407115408515e-03
7.673628795682714641e-04
4.250124447424425290e-04
5.406626903064799686e-04
7.173100521060732284e-04
7.219467707124821183e-04
6.774620838421449099e-04
4.147225258390555306e-04
2.896422154029433690e-04
2.864165796657626591e-04
2.493154508679100716e-04
3.197768891460440327e-04
1.085817196479674099e-03
9.038312611787506241e-04
8.883125598678427758e-04
7.132539483770895979e-04
6.423301032085097567e-04
9.587168107541758997e-04
1.719203024181757168e-03
2.311078773999816760e-03
2.967115836950500428e-03
2.435207586693629873e-03
1.632586459032772620e-03
4.980784678685196403e-04
8.483304317747609145e-04
9.667969281324760578e-04
9.203335542357370157e-04
5.444205638146802683e-04
2.825336813340695807e-04
3.432134438431664659e-04
2.775120371010866296e-04
3.490572209271152544e-04
1.178945132185903752e-03
1.161872503462802256e-03
1.315883308481634231e-03
1.188854665987277301e-03
1.075465001919296377e-03
1.213262490718887074e-03
1.475998519637276634e-03
1.834701160701473176e-03
2.440468884292948219e-03
2.179958255898751477e-03
1.511230701162071671e-03
1.043214095139017965e-03
7.410428013908938825e-04
8.102460316999741691e-04
1.111445027623283836e-03
4.139843951450305191e-04
3.031112693166464634e-04
3.790620065639527746e-04
3.385279808988731734e-04
3.459226821413200728e-04
4.836976256095961379e-04
1.303385712959793203e-03
1.307990480465500479e-03
1.475665608441896611e-03
1.627858712473947067e-03
1.717645596461684580e-03
1.552978697954938633e-03
2.220954343132423760e-03
2.309941801797138049e-03
3.589209059274263772e-03
3.870331875854328592e-03
2.519639806685906609e-03
1.734387487947438525e-03
6.886826793949664231e-04
9.728594384878204524e-04
8.699527465518605953e-04
4.462368179405673020e-04
4.611997080318043832e-04
4.852672285410795081e-04
3.354524712214309342e-04
2.653549707839997717e-04
3.323776940448900470e-04
1.408135445181573275e-03
1.421654565531885921e-03
1.585464846091658945e-03
1.934799062234632012e-03
2.497191394396712071e-03
3.190533964361032607e-03
3.324539578530225949e-03
3.406132152827268285e-03
4.854142514130707284e-03
6.689622315442126516e-03
4.527589973334348282e-03
2.708013470970052454e-03
9.791668353398236355e-04
9.384641222383701071e-04
1.201370720531833199e-03
7.876171468851271128e-04
5.849499014739910222e-04
4.735976520381616627e-04
3.584502474143263975e-04
2.283969621979788317e-04
2.871941032118342091e-04
1.459843981383221814e-03
1.738468624567717597e-03
2.057898046679041554e-03
2.490284295459644325e-03
3.034502668096945507e-03
3.843354547835802978e-03
4.572481631165307286e-03
5.538220922828892244e-03
9.681092640594317691e-03
9.951336164121631078e-03
4.539438588427003110e-03
1.332257453857769395e-03
9.182714438589101476e-04
1.209319699974207435e-03
1.044340803172815954e-03
8.631844879285003594e-04
6.827051238564962703e-04
3.734158477588985512e-04
2.507935330439149658e-04
2.526808844021197079e-04
1.490154060315382507e-03
1.483890696250823133e-03
1.895067478226644328e-03
2.298071920306662529e-03
2.679466740803772198e-03
3.352579705186941456e-03
4.144723378017209879e-03
4.872045333214690410e-03
8.827415393048038475e-03
8.165465583475410571e-03
2.754564940036023559e-03
1.417603186515468570e-03
8.660329524113722938e-04
1.126213352394740165e-03
1.029455725605903137e-03
9.146817342451449154e-04
8.387368622371989312e-04
4.431747234939189184e-04
2.495951458728045292e-04
2.340985033033269062e-04
1.245407477868825481e-03
1.258362554212550700e-03
1.508753572124987841e-03
1.958131060276306189e-03
2.390980922611786030e-03
2.617626346312881651e-03
2.974418068456390236e-03
3.809130824500632246e-03
3.567898441943224974e-03
3.044015981696462578e-03
1.509587464865076072e-03
1.935304912805211946e-03
1.405545371045682909e-03
1.180922757740017481e-03
1.021888184889606973e-03
8.607460761421852373e-04
6.836931315365802134e-04
4.253017145805479448e-04
2.797687494227390440e-04
2.561365738197156632e-04
1.028419867304436203e-03
1.034960909380336792e-03
1.071293652907871936e-03
1.523049121848150554e-03
1.823610248792330519e-03
1.840555328670418151e-03
2.216622957634723813e-03
2.748452057817354389e-03
2.618134264686090146e-03
2.167796228523104565e-03
2.755315596004948020e-03
2.077035807345188178e-03
1.594989267544130295e-03
1.332138400142907813e-03
1.132011109455541027e-03
7.783526481453622008e-04
6.647733637927037654e-04
4.465213330630003730e-04
3.697729507314690117e-04
3.617073421031655233e-04
8.100532466189915362e-04
8.025377298171600246e-04
8.658574857445580078e-04
9.532905513357915576e-04
9.383828708839215930e-04
1.460079742030481308e-03
2.122029031658272894e-03
2.862907391501946352e-03
2.819339493603518869e-03
2.851888494241689581e-03
2.515061231973591670e-03
2.094831192745628175e-03
1.440992067421504024e-03
1.049097378874260444e-03
9.379935126458661086e-04
7.161243264092488625e-04
6.271720461003231625e-04
4.772407007979208109e-04
4.601303665909204353e-04
4.935246091754584086e-04
8.230416700662522090e-04
7.787966875757059001e-04
7.468373096139913243e-04
6.632845210476537951e-04
7.156152906042806145e-04
1.415335002951742570e-03
2.155266485040944775e-03
2.286446704581547324e-03
2.200727013536215963e-03
2.067026297635074592e-03
1.568611974179158703e-03
1.493363196469759671e-03
9.472484143157855994e-04
6.867702971892745588e-04
5.624195288741186361e-04
5.025821319373136205e-04
5.356484940380192667e-04
5.181998830665363476e-04
5.538594082332728942e-04
5.876211543682586039e-04
9.763458785548638323e-04
1.309163638212707632e-03
1.048308415233754030e-03
8.427786086215062478e-04
5.556756599146998659e-04
9.416533644530880208e-04
1.349144923929752838e-03
1.131861125317852081e-03
1.046137633116057779e-03
1.173300417454055215e-03
9.546666092166070225e-04
7.439531517356341456e-04
4.247116026981325376e-04
4.649059088335613004e-04
3.778235515935367468e-04
3.960990252789486563e-04
4.224187977026017614e-04
4.978092397782909627e-04
6.178758431519015305e-04
1.291704076352749066e-03
1.541191037074568591e-03
1.272049413345168129e-03
1.072463427743550060e-03
7.042479021160789627e-04
5.443707432890875809e-04
6.276134485274218648e-04
4.380278059103515954e-04
3.627651486169086292e-04
4.240694492427485871e-04
4.982873431166235821e-04
7.558830083724571870e-04
4.334148945642656210e-04
3.510149551576443000e-04
4.078904271460651000e-04
4.642502341963602032e-04
4.263653032732813808e-04
5.347898669457167454e-04
7.560560793689127682e-04
8.866557370076018395e-04
1.000245682518468909e-03
1.257105897902772648e-03
1.621945897180043002e-03
1.451693318281950485e-03
1.251391386299320792e-03
7.843730207323358714e-04
4.876153857520457028e-04
4.017869837247253816e-04
7.505063176824805418e-04
4.332286640583129156e-04
4.831081481252828152e-04
7.256819380007768164e-04
9.991102088360492503e-04
6.572813936247584501e-04
5.224616230162006927e-04
6.277956790552380404e-04
7.511405745165402117e-04
4.998807470952527053e-04
5.902553898062598949e-04
9.708897932694199404e-04
9.998122983601656633e-04
1.202901856701695622e-03
1.602886914369765214e-03
1.496176831842808280e-03
1.015608753548579313e-03
8.177969479159023216e-04
7.236078172252419314e-04
7.276185421963755505e-04
8.360498187163572462e-04
5.263245266893606337e-04
6.953982814225588257e-04
9.962309758817212112e-04
1.270682731802899720e-03
1.435677103666860690e-03
1.140324487821774580e-03
9.475808140685719428e-04
9.420488626183419001e-04
6.956822458612784777e-04
6.883873321701971040e-04
1.053313421231976982e-03
1.092975708038619424e-03
1.388866182291105924e-03
1.774219743740022750e-03
1.408465551944930970e-03
1.106915514120894927e-03
8.082084169381120037e-04
7.642711083708184647e-04
7.705421323019466702e-04
4.958201440448840999e-04
7.604532561191682102e-04
8.266462311357929051e-04
1.067576064006163852e-03
1.180940035932038059e-03
1.379233219901497510e-03
1.299669165582804237e-03
1.210607431326689255e-03
1.149924592313806594e-03
7.552150113696462714e-04
8.853343053815069651e-04
1.061728213693988350e-03
1.231084535882044379e-03
1.527354707208911956e-03
1.876664347946643829e-03
1.337134342096494817e-03
1.107365656853391903e-03
8.813880928111879733e-04
8.224014171890998374e-04
8.414578571748197212e-04
8.707242871352126540e-04
9.346299103639098792e-04
8.774030576930956504e-04
9.534665215969754994e-04
1.039227886384436758e-03
1.291568438768428591e-03
1.320152132761444851e-03
1.443328011487976818e-03
1.408938135365756785e-03
9.667318460814068376e-04
1.015685603357432921e-03
1.178085259842069025e-03
1.629625269201364322e-03
1.883961647497804041e-03
1.159708538835637964e-03
9.338593298799536396e-04
9.210748660765337567e-04
8.942892754010940085e-04
9.190906780991661305e-04
1.027881356186411332e-03
1.024249700431743284e-03
6.878365699745965381e-04
6.581297290793964921e-04
7.589161883270514322e-04
1.178290859764713873e-03
1.290252217709013556e-03
1.513794608665316229e-03
1.321173660205991144e-03
1.130745578766538875e-03
8.476982521039716240e-04
1.199899502935704299e-03
1.491765366092826558e-03
1.133808625464358946e-03
1.143808853341622255e-03
1.012484836025854141e-03
9.962322211332535257e-04
1.090056493124935038e-03
1.047828663768393329e-03
1.082281890754284394e-03
7.874100741124555368e-04
6.516637160243947489e-04
7.185925650436515103e-04
8.743686622448181619e-04
1.055457676352744741e-03
1.346323079314459478e-03
1.037469636021035382e-03
7.135204845265056542e-04
1.022959295450971348e-03
1.368242347340905369e-03
1.445418684167808308e-03
1.351800558858373214e-03
1.126204271999637664e-03
1.058514983382787510e-03
1.099017731259378230e-03
1.044726082950495592e-03
1.097682706509413254e-03
8.986224995905094408e-04
6.675996158397599954e-04
6.026248254661522013e-04
5.407550599781816777e-04
6.435255132866709140e-04
8.772193830920739510e-04
8.616487579315566152e-04
7.114238367321786428e-04
1.041467270154631435e-03
1.398727078032627451e-03
1.542639573303501190e-03
1.455065417574362852e-03
8.873371302746654908e-04
1.011882835392201785e-03
1.010333271592520586e-03
1.058200866067677453e-03
1.022134311078639474e-03
6.794328592047932467e-04
5.599953668464101092e-04
5.482472518584534426e-04
5.656083852178260584e-04
5.643534751378753017e-04
6.674983475901437183e-04
7.065624166070745647e-04
9.515701133883401651e-04
1.237533976104152229e-03
1.285255635471156503e-03
9.076426517260208693e-04
7.001420775993486651e-04
8.602509316935967425e-04
9.678786390283134790e-04
1.060149255679564573e-03
9.143240645192982118e-04
6.207779698659864412e-04
5.870546721800993899e-04
6.104115445135433523e-04
6.341698914347739446e-04
5.705566930302073897e-04
5.137310677281256436e-04
8.254128644305668179e-04
8.592830991811966409e-04
7.794203885485616670e-04
9.282962366771161690e-04
8.617110571332191934e-04
7.297606259751856193e-04
8.325226751438686906e-04
1.036385168436538065e-03
1.114694328371728304e-03
8.581526671651374186e-04
6.409297472263654613e-04
5.881270770443959572e-04
7.366847133740071470e-04
6.629878738790415853e-04
5.955001642781027320e-04
6.887653235639079087e-04
6.435378925519043627e-04
5.823787552921959060e-04
7.077750823136126374e-04
8.382706620385137544e-04
8.072389624594302404e-04
7.610431757200969861e-04
8.183986346205968706e-04
8.381484651917152666e-04
5.093336712275998122e-04
4.873066549346353462e-04
7.820709312878799816e-04
6.572661242510578934e-04
5.539667143831762328e-04
6.058147579975676914e-04
5.454702742314070530e-04
5.534406793251465777e-04
5.454925527231076947e-04
6.423068410727415497e-04
8.249591115150558705e-04
9.817703930514582161e-04
6.633554219027583019e-04
6.007475443602947962e-04
4.597727858116118006e-04
3.159352986330396735e-04
5.093568810418750694e-04
8.905403344797787214e-04
6.742897571660996835e-04
5.120770401436458910e-04
5.642552310705519587e-04
5.597423217939527127e-04
6.033249952819909638e-04
5.827664680192979826e-04
6.432337163204557501e-04
7.713550618023014933e-04
7.655674884660860309e-04
6.993163084046224347e-04
6.473737067720863013e-04
4.836196770493903668e-04
3.689235714630464307e-04
5.917356066991773592e-04
7.752868454129006317e-04
5.696968824911360094e-04
5.414270563051104546e-04
4.225125054964858659e-04
4.316670506188039066e-04
4.980452044793729069e-04
6.140983464677681998e-04
7.281054774027191862e-04
7.571630242667841534e-04
7.739852004674043244e-04
7.195454404762621639e-04
9.112421036017744449e-04
4.842193493766061303e-04
7.206057329149393809e-04
6.820481398739339273e-04
5.769649496971723714e-04
5.138531985190393026e-04
4.288018628787458619e-04
3.544558467489949700e-04
3.933667132024015159e-04
5.188467755411447580e-04
6.554890214727166018e-04
7.678771893797295975e-04
8.639123479134581257e-04
9.456247593579667496e-04
1.194845461234282907e-03
9.988555266113763494e-04
7.323099043889996686e-04
6.399829126371259051e-04
6.041382867816751708e-04
7.745857204028060378e-04
5.267038732097390017e-04
3.979150624422544795e-04
3.867958452594414320e-04
4.278787233856287133e-04
5.100335339816768152e-04
6.668741050898359477e-04
8.800624859299552684e-04
1.117512510482514742e-03
1.245386736320980552e-03
8.441717991751901146e-04
8.102923035203070867e-04
7.331373256348659934e-04
8.328924795319692619e-04
9.268344918872868394e-04
5.012803574961223300e-04
4.873209308539883620e-04
4.575394952062810630e-04
4.655746010582098885e-04
5.574510903673226062e-04
6.849573862351727863e-04
8.607579478889369100e-04
1.081787824128450882e-03
1.148924171359518975e-03
9.785777198548398052e-04
9.754440692263875419e-04
9.938522900606431860e-04
1.103868832278034071e-03
6.223496761214867201e-04
5.549889036946082602e-04
4.815443764241893816e-04
5.131082274438290370e-04
6.324547771992308212e-04
7.234638964945680701e-04
9.312338949170674866e-04
1.112553911032469148e-03
1.077151467521371376e-03
1.080122827342972977e-03
1.130584895047045176e-03
1.243953058088009996e-03
