5.144853186741303423e-04
8.837726343883557656e-04
4.953036419628710973e-04
3.377967357133211733e-04
6.352026601520817297e-04
6.454360639948523775e-04
4.912561663750851775e-04
3.762044159046719675e-04
6.993839600950144857e-04
8.907372215658091634e-04
1.780791278782018188e-03
1.357463290496321168e-03
1.137996233216214846e-03
6.697241784586162794e-04
3.596060134972749113e-04
6.761898265712047110e-04
5.065757320838028613e-04
3.592522835798477639e-04
7.005146798792849863e-04
3.830136396409420741e-04
3.808941796756862242e-04
7.006507890110605158e-04
5.957397182336014686e-04
4.530279907617676015e-04
3.100952677679865810e-04
4.312520522331254012e-04
6.904754463290230758e-04
1.262886112221003930e-03
1.135170042483408083e-03
1.008571244271346630e-03
4.789528941861196710e-04
2.825603509070665387e-04
7.816774697367394591e-04
5.607218167671326877e-04
4.383869511022996470e-04
3.420434515462832657e-04
2.811398733867687973e-04
5.035699983493665448e-04
6.303899618012181755e-04
5.658754890554406475e-04
3.846709438589182030e-04
3.052158595136042355e-04
3.151892046077867755e-04
5.465014209824331764e-04
7.166236670415722593e-04
8.375514207114831931e-04
5.682059315169292512e-04
2.975168342314911808e-04
3.202037331177277359e-04
7.262958025329568218e-04
5.995288564499174928e-04
4.772342155488689471e-04
3.390533828668380271e-04
3.169472800211959955e-04
6.679282889942105396e-04
7.057818217893664257e-04
6.554693067341708273e-04
3.997439288356331201e-04
3.451919915635933951e-04
2.804028728369916648e-04
4.184873554897442427e-04
4.031706439184673790e-04
5.924758459493685743e-04
3.972269873935310681e-04
3.135832905601919373e-04
3.202501553623528707e-04
4.339632421229662538e-04
6.021082694275995502e-04
4.151137650347827513e-04
2.857400627618425287e-04
2.098277504189630484e-04
2.226107701491773804e-04
3.409761663400725173e-04
2.503776608893040897e-04
2.744450558269961350e-04
3.842578970649269433e-04
2.886936738249960941e-04
3.510236457576242975e-04
3.249131645379441666e-04
4.230946030342177199e-04
3.385710630701917775e-04
3.465004788523309625e-04
3.940143407939860070e-04
5.500032147915845555e-04
4.844409832207674342e-04
3.529920378762684712e-04
2.266956556044267689e-04
2.534901200050718390e-04
3.709580874844883034e-04
2.346606192628989144e-04
1.973390390866258247e-04
2.395393473378728036e-04
3.619367947404304058e-04
4.129655753377448404e-04
3.359111580537276474e-04
6.892620245769117424e-04
4.264597383359174879e-04
2.909305872849523395e-04
3.800875496830833202e-04
2.724048367628220798e-04
4.677162087114339513e-04
5.616259530940082879e-04
2.681404519616887683e-04
2.382440973868530894e-04
2.835410950558908943e-04
2.938139074471559655e-04
2.204013800018289192e-04
1.986302602826879138e-04
2.703257846865761036e-04
4.346975010265125439e-04
3.768829105610258185e-04
3.867643058634875853e-04
7.202329919830467156e-04
6.000919534374823646e-04
1.675397990888842785e-04
3.043582736190115243e-04
3.970910512496916346e-04
5.135899043401305096e-04
6.529760567910885324e-04
2.366176314568251709e-04
2.413653255848402339e-04
2.691962159751506078e-04
2.905889048000400029e-04
2.227022281188643438e-04
2.534633418649769694e-04
3.079251605975493822e-04
3.812822063317459456e-04
3.532728996504558728e-04
6.110666508085272480e-04
3.928939414242010267e-04
3.200991005961145133e-04
2.409215562642039220e-04
3.955733656276310653e-04
4.051807441152213652e-04
4.121169364184475810e-04
8.122987438286288255e-04
2.647437406389900887e-04
1.939401407255215710e-04
1.949115624923384649e-04
2.921563520860136231e-04
4.071312213546774555e-04
4.138181906905067211e-04
5.521427400493889980e-04
5.510902304327890177e-04
6.564089588904648952e-04
2.369980610321077090e-04
5.235965494485049021e-04
4.146050667034441111e-04
2.990741766021283508e-04
3.387210079667608213e-04
3.070538952486233917e-04
5.691319892413160969e-04
6.818781721960292651e-04
8.727789260028453100e-04
2.282117336486162783e-04
3.275869393281722556e-04
2.119531122486243173e-04
3.054373991790782297e-04
2.599317852533265306e-04
8.154106378722727165e-04
1.021770896452866336e-03
8.148655420943592140e-04
5.377084540014856256e-04
5.001734335268481248e-04
6.092662839323616892e-04
4.621620232427723013e-04
1.872763439249038020e-04
2.045136434287669978e-04
2.946085950589916874e-04
3.308002742823589956e-04
3.324466851655017222e-04
2.950436194960990460e-04
1.682159647847829222e-04
3.216209497009770400e-04
2.999498268191733868e-04
3.191171569770641608e-04
2.765923194336087254e-04
6.993100612183634655e-04
6.209753997875063327e-04
1.096386870557672583e-03
9.942516851960943400e-04
5.351476203859521687e-04
3.930811163331015580e-04
3.866627890867798778e-04
2.382776668567336065e-04
1.964405557700547975e-04
2.672716077898492889e-04
2.958892263848795102e-04
1.605986094290620886e-04
3.292108362728960120e-04
3.779196609439474655e-04
2.201852503787265613e-04
2.057938470264499150e-04
3.778456155671162399e-04
3.145908350857456255e-04
4.526535153723834594e-04
3.117780211601364369e-04
5.840609959337149078e-04
7.535922288727224007e-04
1.451190864520796302e-03
1.203176607325505670e-03
6.747661901407697033e-04
5.423776292650217372e-04
2.969184424728155136e-04
2.266007104072343195e-04
2.702690279660642080e-04
2.513201070133220041e-04
2.228635849870657705e-04
2.302781029949697237e-04
1.759159200814332821e-04
3.945276329524061848e-04
1.907617356000321522e-04
2.256864158625013434e-04
4.175180108861976740e-04
4.062041158923942216e-04
4.607764899395824830e-04
4.921477874008457678e-04
4.414950989270478420e-04
6.467607814107048268e-04
1.213637327126572624e-03
1.791373010348068289e-03
2.444980634648478545e-03
9.547564766129080669e-04
3.623810617692684640e-04
2.673772357278660582e-04
3.949186321232844507e-04
3.608964014735616794e-04
2.930529515018289051e-04
2.773637684543480949e-04
3.699716965385367270e-04
3.122287917505489185e-04
2.883804878324604899e-04
4.006535170620746894e-04
5.094861883795663614e-04
4.642511184295911638e-04
1.102757001860757858e-03
1.145434283306089604e-03
9.124328622992118739e-04
8.688436486245541346e-04
2.115842206089684104e-03
2.695581069990490245e-03
3.496158585538355294e-03
1.351356872598107007e-03
1.820664044490523511e-03
6.264021340234393435e-04
4.530948201871968823e-04
4.025564262162098809e-04
4.238238155297683750e-04
3.330355897294671086e-04
2.923507002715983898e-04
2.711547350280740093e-04
2.184783872426226026e-04
2.383495356594578479e-04
5.329166423906101391e-04
4.656969391730394494e-04
1.162168868095352428e-03
9.909229499570440004e-04
1.200245410789934361e-03
9.101802232057861191e-04
8.935228021543347105e-04
1.069218527232662945e-03
1.439932132077016095e-03
1.895764293253756651e-03
7.980707064898830963e-04
8.771512212671255578e-04
3.653327029282122784e-04
4.968271960943853368e-04
3.251487499082021432e-04
2.550862028441402106e-04
3.187048374518249580e-04
4.319641529844048342e-04
3.294177416167902027e-04
2.461344296677728900e-04
3.393420928649688254e-04
5.671871836516964192e-04
4.029613657948676150e-04
6.111204111425394374e-04
7.043453875217544789e-04
9.544321879995672610e-04
1.366138547198491194e-03
9.363201038723581232e-04
9.048160196941220030e-04
5.818940123564071394e-04
6.198130045714003158e-04
8.637403357732161913e-04
7.367416721862855410e-04
5.606879412982707003e-04
3.057436329532372708e-04
3.098028874171248909e-04
4.130329078670297890e-04
6.015272811055183411e-04
6.304212709826030429e-04
2.304927414555228216e-04
2.633823667851726484e-04
4.103044466523641902e-04
2.592200507524978007e-04
5.608836680734425716e-04
5.819845337713702195e-04
8.952353474045737260e-04
1.115537102051665291e-03
1.526483423547463514e-03
1.518499791580304754e-03
1.447238399532068884e-03
1.793034262222687782e-03
2.161244945495985857e-03
1.453858300562152787e-03
9.513016805848044334e-04
5.146695371529838104e-04
4.568344905574837239e-04
3.463937613192233909e-04
2.946373483354456030e-04
2.272256984888167879e-04
3.454923117010111171e-04
2.797837683072920559e-04
5.338787980210244789e-04
3.741672733442836878e-04
2.522184435027033833e-04
6.920407719784572821e-04
8.740045281985167743e-04
1.210686122852095131e-03
1.646062403687098075e-03
1.888067286273234285e-03
2.562958741916364445e-03
2.472610019272967856e-03
1.097749884690294190e-03
7.160603241429904691e-04
2.380799429538251605e-03
1.347131247231945963e-03
5.570450546533874375e-04
4.701642790453487513e-04
4.414834050733721445e-04
2.930589292323991014e-04
4.044428227071681530e-04
2.800401226941789360e-04
4.547262208515338616e-04
4.212754370456331171e-04
1.386049590753705377e-03
6.125217089115568298e-04
7.758142264413364891e-04
1.190319246602024837e-03
1.394587741599658936e-03
1.951536692134784841e-03
3.033641245728881802e-03
3.205170879778818614e-03
1.037807193364989784e-03
1.718821889574357036e-03
1.272962250082303702e-03
1.966420952955017388e-03
5.288475331735242521e-04
3.998891785322280156e-04
3.555036265026317432e-04
2.590724465887198373e-04
2.871817082501529296e-04
4.341312935261913979e-04
3.219545149150189359e-04
3.447728205388516255e-04
1.200488315283038381e-03
7.111240208431491910e-04
7.886011074977309796e-04
1.138268899319044587e-03
1.509908792102353670e-03
1.573344272053852928e-03
2.787292220111768897e-03
3.063016079282492900e-03
3.018797734808543153e-03
2.351822589558099329e-03
1.677004257943010218e-03
1.628585133209086875e-03
7.190878965415771788e-04
4.374508254146307774e-04
3.585512324738619684e-04
2.208893590219570126e-04
4.011875887014223064e-04
2.710136841312887988e-04
2.736863261611943883e-04
2.718168628674125860e-04
1.068628995628305347e-03
8.024596290341107652e-04
6.550034891364028529e-04
1.124718633292012609e-03
1.548141448724533499e-03
1.580870527515104143e-03
2.273720095595972886e-03
2.662453201685749653e-03
2.593950652308092339e-03
2.183085002052189555e-03
1.524067684626102164e-03
1.379841125179134560e-03
7.824339306118029179e-04
5.243035678207623581e-04
3.101253729010147167e-04
2.794001909401895643e-04
3.009950611321778524e-04
2.730188589134996575e-04
2.328342067475399192e-04
2.708235445557936384e-04
9.102096501214618045e-04
5.780268706423178282e-04
6.519786207779739448e-04
1.085392922801331787e-03
1.110817585663681668e-03
1.784702761653350405e-03
2.471777852467690276e-03
2.522006405915102126e-03
1.983622665872818245e-03
1.391987755810946510e-03
1.340552745256154378e-03
1.100077108521566385e-03
6.288872257377325003e-04
4.220255362811717857e-04
4.060201456749372201e-04
2.122203992114643121e-04
9.773246776521876287e-05
1.660240186231859687e-04
2.333105494676346141e-04
2.902324881739495833e-04
7.927717217191885928e-04
7.229571628352899400e-04
9.265441782353968847e-04
9.669002401904108843e-04
1.199722823718290697e-03
1.493948820476116669e-03
2.149219967403940765e-03
1.826036679610777442e-03
1.424827427195196790e-03
1.204009696297096395e-03
9.019033384268705265e-04
8.263277808652950236e-04
5.483224208393458607e-04
4.229656357862306561e-04
4.033903444834639426e-04
6.203021739054931805e-04
1.137154961653639805e-04
1.403972705344805642e-04
2.360232854575923240e-04
3.550538552527347119e-04
6.782202981412410736e-04
8.994138150821241393e-04
1.077791409085640832e-03
1.040487864127989529e-03
1.316915569680460456e-03
1.276091928855421862e-03
1.290488726553622179e-03
1.587691779635595464e-03
1.443056755939896253e-03
1.720998004560222701e-03
1.572823321990919924e-03
1.081783242441590898e-03
5.385238818531291015e-04
7.638261166893029700e-04
6.353766605090558663e-04
5.756260858576618894e-04
1.563505489337310228e-04
1.806209774248385645e-04
2.874076743139309677e-04
9.657849787912341742e-04
1.126202817462133550e-03
7.975451867985591326e-04
6.410332783805520627e-04
9.657414473090948160e-04
1.298645914145065165e-03
1.057682145554363160e-03
1.918903813603219100e-03
1.806135870139585547e-03
1.402087339587258482e-03
1.242260793956478059e-03
7.798200552652621723e-04
6.114291301876138666e-04
7.261331219309836559e-04
6.201759064465426534e-04
4.775119537299268640e-04
1.611311009593224309e-04
2.571471935410177896e-04
3.113515277424554976e-04
5.498091282134645380e-04
7.091457013752353435e-04
9.093629824144116875e-04
1.193491742014884949e-03
9.482514448045344579e-04
7.314162140481927227e-04
9.773290778897450893e-04
1.539129115055116450e-03
1.311768981722298555e-03
1.181934123042594278e-03
1.774195011370302598e-03
1.426605306293689908e-03
8.847787832380847595e-04
7.282413429125432188e-04
4.513931952500611477e-04
8.358375791962562506e-04
5.880158572468195373e-04
6.488912602823772129e-04
2.842752179235554606e-04
3.781565098782603703e-04
4.305043624023373165e-04
7.732565922850973212e-04
8.459752844123358088e-04
1.167198977945895638e-03
9.748628886228197015e-04
6.140878507762812704e-04
1.022248131254415880e-03
1.057734524600961257e-03
1.071397340699528026e-03
1.185581747316912351e-03
5.852559037255437467e-04
5.344972249873903604e-04
8.946394435328881758e-04
8.417249634650043584e-04
8.541582756560672438e-04
5.316029909705178268e-04
5.943896929116062027e-04
6.645554101115531661e-04
5.714494023430213366e-04
5.061542719937442382e-04
4.445306663767675153e-04
8.314861131183216630e-04
7.406387038612633877e-04
1.340545567401339516e-03
8.821377237693647138e-04
5.532560367765051437e-04
5.497250161813886258e-04
3.838530438167325493e-04
1.099543645977973938e-03
9.758960863763696753e-04
5.799509543046523115e-04
5.776478432830465084e-04
8.443501762250500741e-04
6.512419478915463904e-04
7.528756219328621617e-04
5.972275714484158015e-04
5.529272903719644697e-04
7.068647092647766580e-04
4.313601118125272717e-04
3.186703628201163004e-04
3.639927991990293235e-04
9.685126080941617623e-04
9.059544987557978856e-04
9.790531181719866471e-04
7.764914313728889369e-04
5.542341870873161453e-04
5.047236140189546036e-04
5.396370033032438923e-04
3.016403237922807941e-04
1.574904490471555965e-03
7.095204069791884649e-04
5.462712325741735445e-04
9.031137922422939959e-04
7.225165046814284626e-04
5.802242104958198372e-04
5.386888201275233509e-04
6.755293932942192572e-04
8.079772187250383857e-04
4.265496423572636515e-04
5.594699779588184659e-04
1.012768062731523146e-03
9.170123323630750313e-04
9.740130410770352467e-04
6.422622945536388562e-04
4.944166356927893330e-04
6.954406670640024199e-04
4.307822313871276622e-04
4.159791206710793804e-04
3.625790358343151422e-04
1.021321512382017188e-03
1.799524029235491677e-04
4.520086765163735198e-04
4.361373832805103185e-04
6.653285935897840665e-04
4.860811416855018966e-04
8.554147200637989305e-04
9.292401530350862448e-04
5.265373862191532204e-04
8.031293289380127612e-04
7.489846203099475696e-04
7.940268227725886434e-04
7.781199692340379399e-04
4.932936071679833254e-04
4.415583660763301005e-04
5.256599338536851801e-04
4.904245371731479151e-04
3.837231923355145249e-04
6.352019433476281543e-04
2.132112060914213695e-04
4.375699405254942489e-04
3.804408499102495561e-04
3.842002911011824532e-04
4.699530388657631517e-04
1.243963544623235672e-03
5.109882599600915195e-04
7.902672828248377560e-04
6.896439479308182421e-04
6.620538410510909801e-04
6.960427304834462077e-04
5.336120264248902026e-04
5.512444428011272499e-04
5.964287922958310230e-04
6.759835281566287926e-04
5.430344209660974489e-04
7.544775451585818311e-04
4.183539121380348055e-04
4.379808499864982639e-04
3.530447128663111774e-04
5.661106061483366959e-04
3.230278929590844244e-04
6.314880957596757244e-04
2.981006806151250592e-04
7.551237103644381846e-04
6.371763524379623180e-04
6.371265319123696307e-04
6.749516855297463822e-04
1.006814211690693810e-03
5.021538857496186991e-04
5.290983767991655267e-04
5.687543640980559411e-04
4.725837818441096347e-04
6.175603654779744526e-04
2.672055584451790569e-04
5.572607709366954104e-04
4.203219259068830416e-04
4.913807739346716949e-04
3.519520618733060604e-04
2.833577814731704945e-04
6.273360818289638917e-04
5.884455998292130409e-04
9.341909016451139299e-04
8.627552162395434043e-04
4.983213573191942270e-04
5.096459154332621568e-04
5.901177528868900134e-04
4.710546286588304437e-04
5.196548809998490642e-04
4.848912567569968381e-04
4.297020410846793463e-04
4.279969594954104650e-04
5.612373682330205936e-04
2.884255327137835983e-04
2.225536350788695202e-04
4.792670049610432584e-04
8.531491994188073000e-04
7.199015719502159256e-04
4.228360825375224999e-04
4.946995798623964090e-04
4.884970761584432218e-04
4.289480177371689522e-04
5.796286957652381760e-04
4.373395166705163427e-04
4.923555926744187499e-04
8.180901470981287579e-04
2.663848225780752511e-04
4.363416987105032214e-04
3.020160229732099261e-04
3.177840144928084209e-04
2.904251516074612027e-04
4.085188082764657446e-04
3.643048864402128185e-04
3.613523531998141282e-04
3.769238573614131296e-04
4.280749080556162361e-04
5.377647414636075630e-04
4.318589344620704651e-04
5.838497845309504036e-04
6.497675301821044785e-04
2.072535748227258658e-04
2.493153383767002023e-04
3.029693001776599020e-04
2.469510861752251328e-04
2.802251118727112304e-04
4.094867454318518001e-04
3.642978544315595476e-04
2.667627642663677264e-04
3.168452321813347659e-04
3.241485591684834487e-04
3.964912585830420323e-04
4.651117755958203556e-04
2.463784780395165052e-04
2.892513581541147362e-04
4.076698815889572610e-04
2.388946628302670661e-04
3.264728290018406045e-04
4.272923210970638831e-04
2.937002396168516801e-04
2.084938152640890643e-04
3.472344839966364188e-04
3.824091903614193944e-04
2.897972178258253063e-04
2.560874321654941490e-04
2.850428474753090584e-04
3.820896525396389755e-04
2.729016345705878978e-04
2.293493180127626103e-04
2.340180904008029540e-04
2.465371586633532497e-04
1.481437030133236563e-04
4.987272883901434960e-04
3.250142156533645664e-04
1.690547382004501471e-04
3.672653503109062881e-04
3.365710419550370738e-04
2.776360495036907477e-04
2.395622641517874876e-04
2.658628555161229607e-04
4.499797196535581904e-04
2.540995398264252951e-04
2.968981757425190370e-04
2.570231392812193116e-04
3.735157033282049659e-04
3.503162748693080175e-04
5.409011036534322903e-04
2.297213238276792492e-04
2.432292095680454243e-04
4.408290247391030226e-04
3.469520656580335699e-04
3.665974677613611935e-04
2.856823102979177791e-04
2.521054003010974719e-04
4.160403054249420729e-04
2.704535642366730978e-04
3.959554655665762030e-04
5.370687295714121016e-04
6.807205905572751752e-04
9.078306219216143464e-04
3.225753774468818219e-04
2.390953039834171196e-04
3.534674618227715893e-04
3.721564733475614026e-04
3.418925563605983782e-04
3.444591348760583233e-04
2.282334156752972105e-04
2.353620725903618092e-04
2.757375850603821597e-04
2.010749297195605950e-04
4.050163970736975032e-04
7.012453076712200700e-04
7.442302237986849010e-04
7.052434597875964885e-04
4.233791246968373690e-04
3.258073126918144507e-04
3.863146828510079039e-04
4.583179095257701517e-04
2.810413415512342302e-04
3.230953170509820623e-04
2.607590822356470588e-04
2.455142734760648810e-04
2.981552100750837196e-04
2.379255955306331858e-04
4.005961936343921826e-04
6.219003914614741222e-04
7.077598593752370670e-04
4.713516813190130961e-04
5.161983322017313401e-04
5.167994230545487188e-04
6.089867825169911460e-04
4.057418031806356512e-04
3.679045737626847226e-04
3.055359938004043908e-04
4.249597700794091300e-04
2.693957492206873537e-04
3.621179055882973465e-04
5.098197065042646024e-04
8.873753799020909399e-04
5.090592685417177996e-04
5.697092627373974340e-04
6.351325340638345552e-04
7.311627399594931376e-04
