1.368020769819392913e-06
1.432019277972215645e-04
1.804365552238801828e-04
2.072502210376590923e-04
2.279917544858479635e-04
2.468381477152643204e-04
2.562981984623861919e-04
2.635532823660469148e-04
2.832339063702920558e-04
3.083703879611956978e-04
3.319767009383765627e-04
3.590416968799365629e-04
3.777122423800954236e-04
3.930453943793275505e-04
4.131636339875107929e-04
4.469456320893810779e-04
4.826196999892428340e-04
5.214103596161637081e-04
5.369482878069131585e-04
5.411716208706216381e-04
5.589278328429185148e-04
5.944178858177653554e-04
6.263940313099414627e-04
6.636505723305087274e-04
6.655940738729389456e-04
6.672177211187520652e-04
6.705265096708746880e-04
6.735332641751031564e-04
6.814584195645402489e-04
6.958139952194770201e-04
7.040545426864367688e-04
7.138370950406883620e-04
7.164475964743421878e-04
7.227701629725795168e-04
7.266535626299081138e-04
7.349930621585467304e-04
7.396674469199898986e-04
7.450633302094178791e-04
7.518959930395166481e-04
7.591834793133047299e-04
7.650999202283588875e-04
7.694723722172380374e-04
7.629485227490186063e-04
7.661957459286414512e-04
7.723631350884606860e-04
7.775348276386728459e-04
7.831451056427361605e-04
8.088277088839643594e-04
8.263271318746155756e-04
8.260989894142529381e-04
8.306959445680630900e-04
8.298022085238499152e-04
8.380454152961766155e-04
8.491963447064640891e-04
8.488202470860662556e-04
8.475431395994869992e-04
8.478240949172296268e-04
8.509605589987638335e-04
8.536645978388174771e-04
8.600049972615624342e-04
8.626892832909340393e-04
8.638493835627246344e-04
8.653654995880956033e-04
8.664794061859019394e-04
8.631617099998143512e-04
8.565535795170459198e-04
8.427994384802756133e-04
8.310627033159164985e-04
8.278414980940830732e-04
8.280052601291824476e-04
8.166181265951118554e-04
8.113467619586456001e-04
8.020975922290887825e-04
7.851570556183309901e-04
7.828583767192976751e-04
7.700191936856415689e-04
7.291963171746115423e-04
6.511995904917885873e-04
6.123744103887193745e-04
5.994039239692423512e-04
5.966169103395015973e-04
6.010150236285371605e-04
5.692824025568156291e-04
5.566447000272958063e-04
5.644839579324894717e-04
5.532041525872636364e-04
5.479997698785155080e-04
5.585363764712097771e-04
6.878185675266754824e-04
