-2.684800000000000207e-03 1.266699999999999944e-03 8.847370000000000234e-02
-2.679299999999999911e-03 4.726999999999999974e-04 8.795469999999999677e-02
-2.797200000000000120e-03 1.599999999999999928e-05 8.748809999999999920e-02
-2.519500000000000038e-03 -9.003999999999999851e-04 8.665620000000000267e-02
-2.398899999999999817e-03 -1.592399999999999892e-03 8.627219999999999334e-02
-2.384600000000000174e-03 -1.925499999999999911e-03 8.584500000000000464e-02
-2.182900000000000205e-03 -2.292699999999999946e-03 8.521399999999999808e-02
-2.197399999999999961e-03 -2.539399999999999817e-03 8.516070000000000584e-02
-2.085200000000000161e-03 -3.081200000000000085e-03 8.441250000000000142e-02
-2.069599999999999999e-03 -3.491399999999999972e-03 8.370080000000000575e-02
-1.773800000000000073e-03 -4.125400000000000421e-03 8.331189999999999429e-02
-1.853000000000000046e-03 -4.599699999999999969e-03 8.302969999999999795e-02
-1.704000000000000003e-03 -5.294700000000000274e-03 8.271320000000000061e-02
-1.571799999999999933e-03 -5.579399999999999984e-03 8.218939999999999579e-02
-1.487899999999999900e-03 -6.062200000000000227e-03 8.145380000000000675e-02
-1.417700000000000037e-03 -6.174500000000000301e-03 8.158360000000000611e-02
-1.409799999999999899e-03 -6.215700000000000218e-03 8.158139999999999836e-02
-1.444900000000000047e-03 -6.274499999999999696e-03 8.158279999999999699e-02
-1.431999999999999896e-03 -6.350500000000000242e-03 8.165820000000000023e-02
-1.425999999999999967e-03 -6.273100000000000204e-03 8.159410000000000274e-02
-1.454699999999999960e-03 -6.276699999999999641e-03 8.147440000000000238e-02
-1.437499999999999976e-03 -6.180500000000000230e-03 8.146749999999999825e-02
-1.457900000000000038e-03 -6.230199999999999974e-03 8.149159999999999737e-02
-1.434100000000000001e-03 -6.200599999999999688e-03 8.140329999999999788e-02
-1.449399999999999994e-03 -6.270999999999999665e-03 8.140619999999999801e-02
-1.436299999999999947e-03 -6.218500000000000069e-03 8.140400000000000413e-02
-1.471899999999999945e-03 -6.241100000000000293e-03 8.135860000000000314e-02
-1.477199999999999911e-03 -6.234899999999999817e-03 8.141089999999999438e-02
-1.505100000000000101e-03 -6.225800000000000084e-03 8.135689999999999589e-02
-1.460600000000000049e-03 -6.120300000000000393e-03 8.130239999999999689e-02
-1.486899999999999984e-03 -6.191999999999999588e-03 8.131159999999999777e-02
-1.441100000000000063e-03 -6.229600000000000068e-03 8.137940000000000451e-02
-1.469599999999999943e-03 -6.202700000000000227e-03 8.131040000000000489e-02
-1.489700000000000052e-03 -6.222499999999999733e-03 8.137350000000000139e-02
-1.502899999999999939e-03 -6.206299999999999664e-03 8.132899999999999852e-02
-1.436699999999999956e-03 -6.181999999999999995e-03 8.137809999999999488e-02
-1.450600000000000023e-03 -6.212900000000000367e-03 8.143090000000000050e-02
-1.433599999999999935e-03 -6.174500000000000301e-03 8.142510000000000026e-02
-1.467699999999999951e-03 -6.208800000000000430e-03 8.141009999999999913e-02
-1.441199999999999903e-03 -6.251300000000000433e-03 8.146290000000000475e-02
-1.472100000000000058e-03 -6.284900000000000382e-03 8.143659999999999788e-02
-1.453499999999999931e-03 -6.178699999999999644e-03 8.146440000000000625e-02
-1.460600000000000049e-03 -6.172300000000000356e-03 8.121849999999999903e-02
-1.497400000000000076e-03 -6.199500000000000149e-03 8.108959999999999779e-02
-1.422599999999999993e-03 -6.145900000000000148e-03 8.118989999999999541e-02
-1.479199999999999959e-03 -6.209899999999999969e-03 8.121710000000000040e-02
-1.485400000000000002e-03 -6.205600000000000352e-03 8.119709999999999428e-02
-1.457200000000000075e-03 -6.133600000000000337e-03 8.102460000000000218e-02
-1.504700000000000091e-03 -6.065199999999999758e-03 8.083750000000000657e-02
-1.499499999999999965e-03 -6.156700000000000193e-03 8.090650000000000619e-02
-1.443899999999999914e-03 -6.104799999999999637e-03 8.095109999999999806e-02
-1.480299999999999932e-03 -6.141399999999999984e-03 8.090100000000000069e-02
-1.500000000000000031e-03 -6.175500000000000433e-03 8.090250000000000219e-02
-1.501900000000000023e-03 -6.136700000000000141e-03 8.084199999999999720e-02
-1.498699999999999945e-03 -6.113799999999999964e-03 8.078929999999999445e-02
-1.518500000000000101e-03 -6.149599999999999858e-03 8.080249999999999932e-02
-1.467999999999999904e-03 -6.117400000000000268e-03 8.083640000000000270e-02
-1.488299999999999909e-03 -6.123100000000000244e-03 8.086989999999999457e-02
-1.454999999999999913e-03 -6.190099999999999596e-03 8.093290000000000206e-02
-1.475100000000000022e-03 -6.181700000000000042e-03 8.089699999999999669e-02
-1.465399999999999949e-03 -6.168899999999999731e-03 8.091189999999999494e-02
-1.438000000000000042e-03 -6.152200000000000030e-03 8.099069999999999880e-02
-1.467200000000000101e-03 -6.127699999999999814e-03 8.104980000000000517e-02
-1.517200000000000016e-03 -6.130000000000000032e-03 8.102570000000000605e-02
-1.437200000000000023e-03 -5.927199999999999656e-03 8.096369999999999956e-02
-1.418900000000000066e-03 -5.730299999999999803e-03 8.092180000000000206e-02
-1.581500000000000006e-03 -5.159600000000000297e-03 8.106059999999999655e-02
-1.620099999999999969e-03 -4.896400000000000405e-03 8.145629999999999538e-02
-1.701299999999999991e-03 -4.681799999999999851e-03 8.166270000000000473e-02
-1.854500000000000029e-03 -3.888500000000000029e-03 8.191510000000000458e-02
-2.005499999999999904e-03 -3.606499999999999897e-03 8.260309999999999875e-02
-2.180099999999999920e-03 -3.282800000000000214e-03 8.331239999999999479e-02
-2.341999999999999898e-03 -2.829799999999999937e-03 8.381130000000000524e-02
-2.472600000000000145e-03 -2.379200000000000152e-03 8.413760000000000683e-02
-2.865599999999999831e-03 -1.479899999999999922e-03 8.548680000000000168e-02
-2.775600000000000029e-03 -1.063799999999999945e-03 8.561630000000000629e-02
-2.921599999999999892e-03 -6.403000000000000054e-04 8.609970000000000123e-02
-3.204199999999999930e-03 -1.122000000000000032e-04 8.671260000000000079e-02
-3.279300000000000184e-03 4.372000000000000018e-04 8.709849999999999537e-02
-3.479100000000000161e-03 1.062000000000000010e-03 8.801090000000000302e-02
-3.684000000000000209e-03 1.664899999999999974e-03 8.881229999999999680e-02
-3.881599999999999807e-03 2.134000000000000046e-03 8.960210000000000397e-02
-3.784700000000000217e-03 2.339100000000000207e-03 8.961550000000000071e-02
-3.734400000000000133e-03 2.411799999999999968e-03 8.960160000000000347e-02
-3.719300000000000037e-03 2.415699999999999792e-03 8.962370000000000059e-02
-3.729500000000000176e-03 2.482700000000000011e-03 8.956409999999999372e-02
-3.734799999999999925e-03 2.466499999999999942e-03 8.961669999999999359e-02
-3.771000000000000046e-03 2.457200000000000096e-03 8.951099999999999335e-02
-3.753300000000000212e-03 2.508999999999999946e-03 8.942300000000000249e-02
