7.474380493164062625e-03
7.721380814909934581e-03
7.344049245119095223e-03
7.332334309816360314e-03
7.614094734191894850e-03
7.525034576654434162e-03
7.697730630636214974e-03
8.704054214060306938e-03
9.905549570918083246e-03
7.779567182064056792e-03
7.473325297236442337e-03
7.105118528008461283e-03
7.129371762275695489e-03
6.939406946301460329e-03
7.703549884259700692e-03
9.039751842617987920e-03
1.097417122125625595e-02
1.243394524231553055e-02
7.977945804595947335e-03
7.644826531410217445e-03
7.123237997293471908e-03
6.988106787204742369e-03
6.625089824199676194e-03
6.686863884329795511e-03
7.149019680917263059e-03
8.728172957897186238e-03
9.915402024984360310e-03
1.291443237848579825e-02
1.369685881398618153e-02
1.325161829593980711e-02
8.303210631012917370e-03
7.514323532581329568e-03
7.068245038390159884e-03
6.872552827000617814e-03
6.738947793841361909e-03
7.058445245027542524e-03
7.113837875425815631e-03
8.561455074697733175e-03
1.196484642848372540e-02
1.344097421318292580e-02
1.354538082145154490e-02
1.422044358542189080e-02
1.907709238119423278e-02
1.865558116137981323e-02
1.368366433121264054e-02
8.937066018581390353e-03
7.957094639539719419e-03
6.975924521684646537e-03
6.447409883141517681e-03
7.024078711867332882e-03
7.429896533489227690e-03
8.032030098140239757e-03
8.492247693240643353e-03
9.719261076301336649e-03
1.311172305420041026e-02
1.332911787927150774e-02
1.408002220257185445e-02
1.531658583669923308e-02
1.878114586602896291e-02
1.623319760803133144e-02
1.206560708768665731e-02
9.853989325463771015e-03
6.769803479313850347e-03
8.196017503738403306e-03
7.330590680241584958e-03
6.516512587666511286e-03
5.352423116564750290e-03
6.093374311923980928e-03
8.269351392984390994e-03
9.528822004795075087e-03
1.119676026701927132e-02
1.250014435499906609e-02
1.391866927035152919e-02
1.367775634443387303e-02
1.457725131697952710e-02
1.672964313812553769e-02
1.719082629401236934e-02
1.485844850679859594e-02
1.212991138920187922e-02
9.366193894296884898e-03
6.664102815091609532e-03
6.822355628013611166e-03
6.361465990543365388e-03
7.021378070116043174e-03
6.579016745090485001e-03
5.278989911079406787e-03
5.095082879066467098e-03
4.791990906000137204e-03
5.672885894775390840e-03
8.707672998309134646e-03
1.167712701857090071e-02
1.447527089715004017e-02
1.631369757652282801e-02
1.664133626967668686e-02
1.692484102863818507e-02
1.628305844962596796e-02
1.646011589746922132e-02
1.543748222570866420e-02
1.427286454383283783e-02
1.166621422767639103e-02
9.595385480672121575e-03
6.724270746111869410e-03
6.086278885602950869e-03
5.914258882403373822e-03
8.584386408329010634e-03
7.312089055776595931e-03
4.940354436635971402e-03
3.066216230392456062e-03
4.131537765264510845e-03
5.475512996315956039e-03
9.928772509098052548e-03
1.307809884846210420e-02
1.643497258424759036e-02
1.946781422942876760e-02
1.904273447394370933e-02
1.780892570875585237e-02
1.634528522938489756e-02
1.522119713667780157e-02
1.351663968432694624e-02
1.288791904877871312e-02
1.117499671876430456e-02
8.799301236867904455e-03
6.960914082825183681e-03
5.986688576638698155e-03
5.638377785682678611e-03
4.966215506196022117e-03
7.009251251816749941e-03
6.496848970651626295e-03
5.098269939422607304e-03
3.751228734850883383e-03
3.181001931428909402e-03
4.962759122252463975e-03
1.075067986547946844e-02
1.330047915130853735e-02
1.767760705202817834e-02
2.116232903301715901e-02
1.962353569269180420e-02
1.722112598828971428e-02
1.511332124657928898e-02
1.420393306203186594e-02
1.227020976506173686e-02
1.085419002547860154e-02
1.009616065025329551e-02
8.134412616491316916e-03
6.856474220752716009e-03
5.778175666928291217e-03
4.970164805650711080e-03
4.731446981430053808e-03
7.520593672990799269e-03
6.838532879948616174e-03
5.625812441110610712e-03
4.762424096465110550e-03
3.251376241445541344e-03
4.602042660117149075e-03
1.105983567237854050e-02
1.328041883558034840e-02
1.637855138629674967e-02
2.069424355402588872e-02
1.862816008925437944e-02
1.648950917273759795e-02
1.454202110879123169e-02
1.384350790828466418e-02
1.115607594093307939e-02
9.858962391503155176e-03
8.993614692240954264e-03
7.332432009279727866e-03
6.692569538950920126e-03
5.921477541327476411e-03
5.230212047696113260e-03
4.280921429395675298e-03
3.828893303871154681e-03
7.148001715540886272e-03
6.633213847875595037e-03
5.011156991124153352e-03
4.293264314532280190e-03
3.814262226223945514e-03
4.160725578665733053e-03
1.092030097544193293e-02
1.273774054646491932e-02
1.329448071867227535e-02
1.673074696213007126e-02
1.652725519239902491e-02
1.532050929218530672e-02
1.360447448305785595e-02
1.317431216686964016e-02
1.178456258773803722e-02
9.507124962750822250e-03
8.261280719190836411e-03
8.112239114940167015e-03
7.530859783291816816e-03
6.975365743041038284e-03
5.828429162502288957e-03
4.497948646545409969e-03
3.728121265769004933e-03
4.320241019129753175e-03
3.771629601716995107e-03
2.964769437909126407e-03
2.892420008778572200e-03
3.658287748694419913e-03
4.557744115591049611e-03
8.883879467844963199e-03
1.054345774650573657e-02
1.123422831296920846e-02
1.013131474703550354e-02
1.107342434674501476e-02
1.177288312464952469e-02
1.221935341134667424e-02
1.114510629698634188e-02
1.007296666968613905e-02
9.156393413431941977e-03
8.427365947514772401e-03
7.144083991646766295e-03
6.857833713293075457e-03
6.659142568707466375e-03
6.028811350464820598e-03
4.675710201263427387e-03
4.578010246157645895e-03
3.168723851442337234e-03
3.438009396195411665e-03
3.130297780036926311e-03
3.106984242796897739e-03
2.491599708795547586e-03
3.785829678177833439e-03
7.177057057619094967e-03
8.381798371672629505e-03
8.374357022345065710e-03
9.158145584166050082e-03
1.023604226112365644e-02
9.301219830289482460e-03
8.088589319027960495e-03
8.129443904850632008e-03
8.232192899100482589e-03
7.893864613026380095e-03
7.035310909152030917e-03
6.577193863689899389e-03
6.478987991809844610e-03
6.277581542730331123e-03
5.284507200121879925e-03
5.939906701445579577e-03
3.304141387343406504e-03
2.978220157325268003e-03
2.822964474558830456e-03
3.036805801093578252e-03
3.767664901912212445e-03
5.395158715546130752e-03
7.504786849021911205e-03
7.480198614299297596e-03
7.973664209246635742e-03
8.183447562158108202e-03
6.424581922590732498e-03
6.092452022247016666e-03
6.838403427973389209e-03
8.057674208655952672e-03
7.378768898546695341e-03
6.526170089840888609e-03
6.539207741618156648e-03
6.290021717548370354e-03
6.632416158914565887e-03
6.728713020682335066e-03
6.522382602095603589e-03
2.770288988947868132e-03
2.924966596066951637e-03
2.878850981593131936e-03
4.348762698471546166e-03
4.165932334959506975e-03
6.265710085630416676e-03
7.152234628796577676e-03
6.452592380344867630e-03
5.791239265352487488e-03
5.437614470720291207e-03
5.497224615886807039e-03
5.623385846614837973e-03
7.477750157471746602e-03
6.903526067733764884e-03
6.308449164032936367e-03
6.479412004351615788e-03
6.444209009408950403e-03
6.328821152448654494e-03
6.380507461726665254e-03
5.820533104240894692e-03
2.607992887496948277e-03
3.016728911548853097e-03
5.322112768888473226e-03
4.619626846164464826e-03
4.678263947367668034e-03
6.939792715013027267e-03
5.749844737350940337e-03
4.969556581228971176e-03
4.911053750663995666e-03
5.190879177302122442e-03
4.665905836969613980e-03
5.706548611167818266e-03
5.833758424967526966e-03
5.482038207352161324e-03
5.728855364024639137e-03
6.038143433630466760e-03
5.960814900696278021e-03
4.721158981323241889e-03
4.928151099011302168e-03
5.883992351591586789e-03
5.306269034743308667e-03
4.411671455949545302e-03
5.223280210047960212e-03
5.379691515117883925e-03
5.055188223719597057e-03
5.018091734498739305e-03
4.481759371235966537e-03
4.341542825102805842e-03
5.129493784625083382e-03
4.874698113650083493e-03
4.843649789690971687e-03
4.771040163934230603e-03
5.763240579515695183e-03
5.768442712724209005e-03
4.249230448156594842e-03
5.907535887323320072e-03
5.936556342057883705e-03
6.001737521030009112e-03
5.662701472640037370e-03
4.779310957528651142e-03
3.752388638444244685e-03
3.614591523073613834e-03
3.859091723337769713e-03
3.753326931968331472e-03
4.086509601213038009e-03
4.672159782843664406e-03
4.626524109393358002e-03
4.695889964699745400e-03
4.703207420185208723e-03
6.219821670558303706e-03
6.239404340740293230e-03
5.841928577516228120e-03
4.995289897546171913e-03
4.138354914262890559e-03
2.863614362198859450e-03
3.259988295845687480e-03
3.471945925382897199e-03
4.124185810796916415e-03
4.809157519950531083e-03
4.810750622302293819e-03
6.265713619068264545e-03
5.755763521417975315e-03
4.907508030533790436e-03
4.050568260252475870e-03
2.932652806863188678e-03
2.718168368563055916e-03
