2.728582489448144295e-06
1.301083557116021906e-03
1.226682829380579178e-03
1.550723143652716620e-03
2.112203526249723483e-03
1.286355127860399012e-03
1.900306564094256592e-03
2.083901146172685050e-03
2.265447362916910359e-03
2.838716191435474920e-03
2.470131807037322363e-03
2.888666919427196941e-03
3.008513343599530758e-03
3.393486995758714878e-03
3.570832794339051479e-03
3.715581585726474619e-03
3.305195300080113457e-03
4.767282200506834516e-03
4.971866286713011104e-03
5.159575401467535009e-03
4.494030564815489938e-03
5.401733846250904997e-03
4.826179798507411987e-03
5.381801756717281143e-03
4.954485268203536429e-03
5.132238722623008211e-03
4.938864560560269484e-03
5.180288236076819458e-03
5.772656171799319703e-03
4.997935022023570692e-03
5.725741710467062255e-03
5.820951039375969055e-03
5.649922271777278564e-03
5.877527827110997326e-03
5.450910311750798570e-03
5.664575636313522525e-03
6.133671062648555009e-03
6.674972248756235599e-03
6.186452304027204724e-03
6.681010552437712142e-03
6.310486062120301658e-03
6.801755488863634944e-03
7.157169303549265268e-03
7.642592371419890639e-03
8.100660607226145213e-03
7.709478630298732121e-03
8.267353006707224908e-03
7.651993818951210828e-03
8.896566427452758802e-03
8.873081502115697655e-03
8.648551901771465641e-03
8.511692457805478812e-03
8.793184060189198140e-03
8.535501233997183634e-03
8.774931073381236554e-03
8.981814227441077547e-03
1.006119031926100242e-02
9.352481808507347172e-03
9.776383115480333230e-03
9.696538914637667025e-03
9.763984591531906648e-03
1.180884189881193334e-02
1.007832835325459843e-02
1.061619028336007776e-02
1.125215700646859697e-02
1.169422301150874546e-02
1.037441961254623006e-02
1.196835123463816514e-02
1.061142760166101581e-02
1.111108796982931794e-02
1.075432063406737103e-02
1.040772952790765087e-02
1.013904145156367155e-02
1.067232717342696258e-02
9.059083842163679831e-03
9.970530194150973094e-03
9.074320156508088042e-03
9.180538268992677331e-03
8.683562818430148877e-03
8.732867151104462336e-03
8.380686148268983934e-03
8.599030757841056097e-03
8.953259316255537253e-03
8.425041984913419352e-03
8.979821483291029402e-03
9.167422296888480537e-03
9.306415140620739185e-03
9.302232870724418470e-03
9.781107944072994081e-03
1.043752518736870347e-02
9.619881412097807533e-03
1.004953678099120874e-02
1.044908757412380852e-02
1.012759577621560533e-02
9.906160551987352320e-03
1.112926475242092574e-02
1.126970728520153286e-02
1.052930872824118375e-02
1.125289191393655415e-02
1.135933269377168049e-02
1.055906921631193617e-02
1.155655512806954069e-02
1.083939495983310235e-02
1.033823970167606875e-02
1.083258059208222143e-02
1.023652094447947622e-02
1.029718486825004220e-02
1.021940365579716847e-02
1.033578666648423718e-02
1.064067552064012524e-02
1.025543770617590167e-02
1.057420918049097047e-02
1.091326214945094464e-02
1.078998668551999461e-02
1.084301491520997356e-02
1.128707351694637276e-02
1.133556203022356886e-02
1.120019573186701797e-02
1.164277605248098361e-02
1.138314484239076781e-02
1.147046046650489377e-02
1.161020168916166231e-02
1.149480063178861915e-02
1.203290504155104558e-02
1.175764967745299150e-02
