7.474380493164062625e-03
7.721380814909934581e-03
7.344049245119095223e-03
7.332334309816360314e-03
7.399430856108665105e-03
7.230300873517989980e-03
7.697730630636214974e-03
8.704054214060306938e-03
9.905549570918083246e-03
7.779567182064056792e-03
7.473325297236442337e-03
7.482620522379875190e-03
7.527530714869498825e-03
7.159180477261543017e-03
7.310896925628185099e-03
1.154681535810232230e-02
1.048394540697336272e-02
1.243394524231553055e-02
7.977945804595947335e-03
7.644826531410217445e-03
7.010581731796264315e-03
7.572478666901588315e-03
6.874718174338340787e-03
7.103971108794212078e-03
7.750791154801845752e-03
9.672588929533957811e-03
1.084300430491566720e-02
1.293570977821946119e-02
1.369685881398618153e-02
1.325161896345070957e-02
8.303210631012917370e-03
7.857601821422576308e-03
7.511362060904502522e-03
7.612635970115661822e-03
7.015710979700088071e-03
6.608871459960937930e-03
7.930811218917369759e-03
9.726615343242882988e-03
1.248324925824999786e-02
1.843171668052673295e-02
1.787824065983295574e-02
1.703014427749439952e-02
1.907709238119423278e-02
1.865558116137981323e-02
1.368366433121264054e-02
8.937066018581390353e-03
8.209490090608596857e-03
7.431852340698242264e-03
7.143327549099922312e-03
7.534441709518432950e-03
7.664211004972457976e-03
8.540110625326634286e-03
8.592821724712849246e-03
9.813494529575110190e-03
1.361667484045028624e-02
1.801587696745991785e-02
2.332596514746546751e-02
2.857882363349199123e-02
1.703215967258438560e-02
1.528002399858087272e-02
1.037347358278930230e-02
9.853989325463771015e-03
6.769803479313850347e-03
8.196017503738403306e-03
7.389454349875449954e-03
7.131885215640068436e-03
5.710105940699577304e-03
6.265931531786918945e-03
7.799084767699241381e-03
9.830340772867202440e-03
1.100532926619052915e-02
1.254042038321495113e-02
1.439533791318535830e-02
1.697810754552483634e-02
2.272705809399485494e-02
1.625006582774221955e-02
1.288634282676502998e-02
1.105207333108410191e-02
9.124660018831491637e-03
7.410008724778890596e-03
5.695203669369220886e-03
6.822355628013611166e-03
6.361465990543365388e-03
7.021378070116043174e-03
6.330158293247223171e-03
4.894332170486449980e-03
5.638954758644103976e-03
5.781220614910125531e-03
5.838624536991119697e-03
8.207317486405373008e-03
1.081303562223911302e-02
1.385510386526584564e-02
1.432124927639961270e-02
1.566465491056442255e-02
1.409451776742935182e-02
1.368686155043542449e-02
1.234883369319140882e-02
9.482274723704903902e-03
9.333228031173347594e-03
7.465536519885062998e-03
6.680636275559663842e-03
4.446003347635269116e-03
5.143098667263984979e-03
5.914258882403373822e-03
8.584386408329010634e-03
6.602759480476379748e-03
4.122338861227035564e-03
2.668290883302688616e-03
5.385261654853821037e-03
5.943756550550460815e-03
8.761344268918037914e-03
1.105126209557056455e-02
1.409960855543613417e-02
1.726120636239647857e-02
1.497006762400269510e-02
1.219376546889543514e-02
1.011694813892245227e-02
9.251630187965929550e-03
8.743254305562005169e-03
8.051870333962141829e-03
6.715584158897399715e-03
5.747675418853759668e-03
4.503349430859089099e-03
4.295177973806857917e-03
5.077916711568832529e-03
4.966215506196022117e-03
7.009251251816749941e-03
5.540655091404915120e-03
4.390026271343230868e-03
2.936911031603813265e-03
3.312187731266021552e-03
5.725608646869659486e-03
9.829365357756613894e-03
1.130728349834680610e-02
1.467236491292715078e-02
1.890979954972863211e-02
1.492891938611864977e-02
1.086218699067830959e-02
9.056791668757795469e-03
7.720825258176773967e-03
6.824641648447140815e-03
6.522830349393189155e-03
6.005545977503061288e-03
5.577555902302265556e-03
4.873546943068504667e-03
4.062044925987720427e-03
4.053857952356338876e-03
4.731446981430053808e-03
7.520593672990799269e-03
6.039512515068054532e-03
4.767133399844169714e-03
3.911601737141608831e-03
2.421412155032158075e-03
5.188072338700294543e-03
1.049459645152091974e-02
1.134393060952425085e-02
1.336803870648145716e-02
1.748027152568101816e-02
1.427471510320901804e-02
1.080499598383903581e-02
8.082106595393269768e-03
7.366303672781213813e-03
5.955516818678006571e-03
6.030079246498644234e-03
6.009398836642503537e-03
4.869297616183757525e-03
4.656323745846748484e-03
3.911565653979777978e-03
3.683703497052192785e-03
3.100446060299873359e-03
3.828893303871154681e-03
7.148001715540886272e-03
5.836553379893302980e-03
4.172029733657836581e-03
3.470466405153274387e-03
3.053769484162330468e-03
4.949642002582550250e-03
1.064608213305473332e-02
1.102038942277431405e-02
1.040703690797090478e-02
1.290151591598987652e-02
1.234888369590043944e-02
1.097927011549472767e-02
9.560836975462734533e-03
7.140202510519884187e-03
6.302902453462592980e-03
5.403375511523336033e-03
6.224022082984447500e-03
6.238780833780765110e-03
5.688276939094066322e-03
4.790777727961540410e-03
4.302097782492637912e-03
3.914413705468178066e-03
3.728121265769004933e-03
4.320241019129753175e-03
3.910885378718376333e-03
2.590905219316482627e-03
2.421846225857734493e-03
3.255343258380889986e-03
5.212126389145851045e-03
8.626080110669136561e-03
9.640508458018302862e-03
8.883208528161049694e-03
8.387760631740093578e-03
9.656425036489963559e-03
1.032766953483223865e-02
9.504761716350913076e-03
5.047786853741854408e-03
5.470056437887251682e-03
5.530579144135117781e-03
5.748608969151973620e-03
6.203445613384247180e-03
4.903402909636497484e-03
4.317943468689918775e-03
4.125943496823310762e-03
4.028561934828758621e-03
4.578010246157645895e-03
3.168723851442337234e-03
3.537542238831519956e-03
3.216979995369911079e-03
3.800667196512222488e-03
2.859173923730850067e-03
4.642360694706439833e-03
5.452785618603229328e-03
6.992422848939895685e-03
7.224058359861373554e-03
7.877601198852062989e-03
9.395596038550137891e-03
7.095755066722631357e-03
4.665766099817119858e-03
4.200633349712006373e-03
5.506316537968814276e-03
5.586673282086849004e-03
5.807143256068229842e-03
5.560513570904731910e-03
4.688814088702202183e-03
4.576693996787071020e-03
4.814264088869094765e-03
5.939906701445579577e-03
3.304141387343406504e-03
3.094445593655109367e-03
2.828760534524917426e-03
3.381076522171497234e-03
2.717163771390914990e-03
3.261114984750747813e-03
5.808340452611446096e-03
6.219562508165836327e-03
7.018745929002761716e-03
7.633724510669708495e-03
5.474391737952828511e-03
4.611587258055806215e-03
4.536313682910986592e-03
5.991737856063991847e-03
5.541289854794740656e-03
5.438104011118411775e-03
5.533396616578102264e-03
5.084940493106842284e-03
5.695668622851372126e-03
6.423197343945503436e-03
6.522382602095603589e-03
2.770288988947868132e-03
3.120916962623596341e-03
2.908891662955284240e-03
3.730058506131172201e-03
2.600074112415313565e-03
5.244884543120860790e-03
6.035449802875518695e-03
4.800252735614776202e-03
4.431010041385888623e-03
4.913158062845468348e-03
3.928161847870797335e-03
3.922339396900497224e-03
5.985625808127224487e-03
5.720183487981558151e-03
4.938948109745979094e-03
5.321958750486374332e-03
5.341463223099708266e-03
5.550973206758499055e-03
6.113540686666965249e-03
5.820533104240894692e-03
2.607992887496948277e-03
3.038621824234723906e-03
5.473471514880656925e-03
4.024275865405798139e-03
3.058857250958681249e-03
5.520391102880239410e-03
4.488265417516231620e-03
4.373482562601566613e-03
4.596428882330656079e-03
4.876783240586519443e-03
3.445667020161636163e-03
4.831162445945664900e-03
4.909139428287744543e-03
4.526951946318149254e-03
5.303662747144699194e-03
5.686417177319526284e-03
5.969612561166286191e-03
4.721158981323241889e-03
4.928151099011302168e-03
5.843255855143070394e-03
4.748219968751072988e-03
2.705964367836713718e-03
3.681876711547374566e-03
4.475311130285262659e-03
4.274096846580505149e-03
4.812261074781418006e-03
4.379959106445312743e-03
4.100859967526048096e-03
4.402514965739101269e-03
4.169717781245708618e-03
3.988382056355476227e-03
4.632153935730457493e-03
5.763240579515695183e-03
5.768442712724209005e-03
4.249230448156594842e-03
5.907535887323320072e-03
5.936556342057883705e-03
5.070247412193566554e-03
4.483022967353463527e-03
3.555778829380869862e-03
2.927543026395142047e-03
2.428237338550388869e-03
3.187191409990191345e-03
3.222028390504419644e-03
3.994675776921212743e-03
4.474135848460718962e-03
4.319131212309003202e-03
4.695889964699745400e-03
4.703207420185208723e-03
6.219821670558303706e-03
5.437017838004976761e-03
4.897750872187316487e-03
4.760352831799537048e-03
3.322321956045925628e-03
2.304241316858678893e-03
2.612373877316713500e-03
3.471945925382897199e-03
4.124185810796916415e-03
4.809157519950531083e-03
4.810750622302293819e-03
6.265713619068264545e-03
5.755763521417975315e-03
4.907508030533790436e-03
4.050568260252475870e-03
2.932652806863188678e-03
2.718168368563055916e-03
