2.728582489448144295e-06
1.192091267790927611e-03
1.132117159145808920e-03
1.426275736308115676e-03
1.658175118833462615e-03
1.245726777003092894e-03
1.438183843806208279e-03
1.876254611393918508e-03
1.878131101176417185e-03
2.121401634233844886e-03
1.963716744821427090e-03
2.159532021618087560e-03
2.122285418645438425e-03
2.338123128690886184e-03
2.383516340964336646e-03
2.478246905763883956e-03
2.354465631601223175e-03
2.968138709716159913e-03
3.127544429597331997e-03
3.428285261579100060e-03
3.568600998980106000e-03
3.767967355635079216e-03
3.754672091275943532e-03
4.271346705257784981e-03
4.317400260775274522e-03
4.317000164025237494e-03
4.562422432556527928e-03
4.675766655107329965e-03
5.150119789184281170e-03
4.796678879761912158e-03
5.088230056866176708e-03
5.174628659027004536e-03
5.608256547604122469e-03
5.694166811546808558e-03
6.307110201747081167e-03
5.514490701183488372e-03
6.014392635855026967e-03
6.105373496448115132e-03
6.453723595137815516e-03
6.368291441561799160e-03
7.071343451776040956e-03
6.481519176367659882e-03
6.705241146257868469e-03
6.853496492470243125e-03
7.061384213183915376e-03
6.893621129370725020e-03
6.993306295191223376e-03
6.921629119776135514e-03
7.397992476703857748e-03
7.625169528687286875e-03
7.280291549860084914e-03
7.371076645976944522e-03
7.446903824098636930e-03
7.314070929437364518e-03
7.523990970547714610e-03
7.849616948898741065e-03
8.425562234051697449e-03
7.854810805107746360e-03
8.084702625764047385e-03
8.125327881815913589e-03
8.251475628640037030e-03
9.413454223459861644e-03
8.233731578244165433e-03
8.365989188507880203e-03
8.989732052540040305e-03
9.136392563854673146e-03
8.447084988055568455e-03
9.346226503890185666e-03
8.589067045039687834e-03
8.905272748246600631e-03
8.809997438556767257e-03
8.520553150447085500e-03
8.501572252824536255e-03
8.732672983301383376e-03
7.958446672706759317e-03
8.533654952855145373e-03
8.040307009608801611e-03
8.132220070938327161e-03
8.011413210393279402e-03
8.225846293330531939e-03
8.208316352371142904e-03
8.331496851428579417e-03
8.505927765921277722e-03
8.212161610004589316e-03
8.654593771008634029e-03
8.859662130401695437e-03
8.868693177352088286e-03
8.847337737820794301e-03
9.202022667596725103e-03
9.661723089786623114e-03
8.931160011059419493e-03
9.172632827152998880e-03
9.363493483918692087e-03
9.265755249118039216e-03
9.072529346341633508e-03
9.970118402287423895e-03
9.982764242469962385e-03
9.508890733210305715e-03
9.971951626492206802e-03
9.951694287101313721e-03
9.484789261898574422e-03
1.019935777264168071e-02
9.689286369961589221e-03
9.491606936467047659e-03
9.768392080347750028e-03
9.548222426030006718e-03
9.646635303560462116e-03
9.540143107603078418e-03
9.707873216019324500e-03
9.764440573692708888e-03
9.540342590135704459e-03
9.873646545386065981e-03
9.968775859832053679e-03
9.881052837439278924e-03
9.785817242786019193e-03
1.031466021563863175e-02
1.031766829250455736e-02
1.011273408519922437e-02
1.032438866421984090e-02
1.025717307859224173e-02
1.034828026797837697e-02
1.056258865319881397e-02
1.033285952737081174e-02
1.083495132517435684e-02
1.054842685362071021e-02
