CLUSTEROFFSETS 43
14
29
40
51
68
84
94
115
136
155
175
190
211
220
237
257
276
296
319
339
360
370
390
415
434
452
473
491
509
536
557
584
594
611
629
651
662
681
702
735
750
767
781
CLUSTERINDICES 781
346
345
333
353
344
332
318
343
352
331
317
351
330
342
343
352
331
351
316
330
342
315
329
341
350
314
340
328
327
324
338
323
337
349
322
336
348
321
335
347
309
326
308
325
339
307
324
338
306
323
337
336
348
304
321
335
347
320
346
303
334
345
333
319
302
344
332
318
315
298
329
341
297
314
279
340
328
327
313
278
296
312
295
277
275
294
274
293
311
273
292
310
309
291
307
324
289
269
288
306
323
337
268
287
322
305
336
304
321
286
267
335
320
285
303
320
285
303
284
265
333
319
302
264
283
301
332
318
263
282
300
331
317
281
299
316
273
292
252
272
309
291
326
251
271
308
290
325
250
270
307
324
289
288
306
263
282
300
242
262
281
299
316
241
261
315
280
298
297
314
279
260
240
278
296
259
278
239
295
217
238
277
258
276
216
237
257
256
236
235
248
268
287
226
247
304
286
267
225
285
303
266
246
245
284
265
224
302
264
244
283
255
275
234
212
294
274
293
254
233
234
274
254
211
233
273
210
292
232
253
252
272
209
231
291
251
271
251
271
230
250
229
207
270
289
249
228
269
288
206
227
248
205
268
287
226
247
245
224
264
244
201
283
223
263
200
222
243
282
221
242
199
262
281
241
261
200
222
176
221
242
199
262
241
175
261
220
198
174
197
260
219
240
196
218
239
172
195
217
238
171
216
194
237
257
147
193
170
215
256
236
169
192
214
235
168
213
191
190
210
187
252
209
231
186
163
251
230
162
208
185
250
229
207
161
184
228
206
183
228
206
183
227
248
159
205
182
226
158
204
181
247
157
180
203
225
246
179
202
224
234
212
189
166
211
233
188
165
210
187
157
180
203
134
156
179
202
224
155
133
178
201
223
154
132
177
200
222
176
199
130
152
175
198
129
151
174
197
219
150
128
173
106
196
218
239
127
149
172
195
217
148
171
216
194
147
193
170
146
124
169
192
214
145
123
101
168
213
191
100
167
144
122
190
166
188
165
143
121
210
187
120
164
142
119
209
141
186
163
140
162
185
140
162
185
139
117
207
161
184
116
138
160
206
183
115
137
159
205
182
136
158
181
154
132
177
110
200
153
131
176
109
199
130
108
152
175
198
129
151
174
92
114
136
158
70
91
113
135
157
180
90
134
112
156
179
155
133
111
150
128
84
106
62
127
149
105
172
83
61
82
104
126
148
171
194
81
103
125
147
170
80
146
124
102
169
98
120
142
119
141
97
76
163
140
118
96
162
75
139
74
117
95
161
116
94
138
131
109
87
66
130
65
108
152
86
129
64
46
151
85
174
107
45
63
150
128
84
106
62
127
149
105
83
143
121
99
98
120
142
77
119
97
76
117
95
55
73
116
94
138
54
72
93
115
137
53
71
92
114
136
70
91
113
51
69
90
134
112
50
68
133
111
89
132
110
49
88
67
82
42
60
81
103
125
26
41
59
80
124
102
40
58
79
145
123
101
78
100
144
122
77
97
76
96
75
57
56
74
95
55
73
39
54
72
38
53
71
92
37
25
52
70
91
24
36
51
69
90
35
50
22
34
49
88
67
21
109
87
33
66
48
20
32
65
86
47
19
31
64
46
85
31
64
46
85
18
30
45
63
84
106
7
17
29
44
62
105
83
6
16
28
43
61
82
104
5
15
27
42
60
81
14
26
41
37
25
24
36
51
23
35
13
50
12
22
34
49
11
21
12
22
34
4
11
21
33
3
10
20
32
2
9
19
31
8
1
2
9
19
8
18
1
30
0
7
17
29
6
16
5
