7.525237300145773411e-03
7.273668032369495599e-03
6.703636643511277915e-03
6.449673669757666379e-03
6.030977830106829495e-03
7.510414462030669779e-03
7.471272905851587473e-03
7.330078424678908647e-03
7.112220274629416257e-03
6.909419012106495471e-03
6.302887711811948866e-03
6.865863458333927929e-03
8.509326737696006060e-03
8.165807445981988072e-03
7.452802387652573794e-03
7.304790004351992966e-03
7.196102912227313013e-03
6.784115653531050741e-03
6.405636783183356851e-03
6.121120680077576579e-03
5.875818799307317049e-03
7.147505373498539566e-03
8.051156721733234226e-03
8.829271374845210074e-03
9.121026458609619858e-03
9.973626685857680738e-03
7.383445530761907280e-03
7.254708834268428982e-03
6.833541195517704725e-03
6.255911985113296776e-03
6.377163124673160613e-03
5.684296198097275703e-03
5.525800755914346725e-03
6.575822163327240885e-03
7.581749907982202052e-03
8.789720881822300075e-03
1.002554443124451834e-02
1.007943448645097322e-02
9.710380168671914336e-03
9.849434347685289207e-03
7.557111251869319708e-03
7.089148746964372277e-03
6.658262768645345150e-03
6.232242295403539120e-03
5.597678645525449963e-03
5.624866917913342625e-03
5.621683841318260433e-03
5.482134788676544697e-03
6.405538511405020445e-03
7.411399913698803188e-03
9.233908641531510947e-03
1.104897963182057893e-02
9.799569816455060839e-03
7.936473488685513375e-03
1.005766106436006141e-02
1.270219807248608619e-02
1.033709192487560630e-02
9.291318567170773687e-03
7.347561832931306242e-03
6.833036924585884214e-03
6.360386187831561060e-03
5.808673914016028970e-03
5.389572339661327302e-03
5.197553309025587827e-03
5.217436172160101922e-03
5.258506554880260260e-03
6.456751686831315069e-03
6.677901245837594181e-03
8.484947089864700379e-03
1.122452548480834186e-02
1.152945282210791379e-02
8.575472140589148612e-03
8.773829269130933167e-03
1.177227756376435751e-02
9.778997941333571198e-03
8.968632518785235944e-03
7.134768858919908821e-03
5.477547323630180091e-03
6.626761345951645045e-03
6.539801480593504697e-03
6.227082446401501804e-03
5.902920470193580120e-03
5.345646131001872449e-03
5.103179656061125787e-03
4.929130506000400751e-03
4.774833144045170785e-03
4.871222340030434937e-03
5.941151422850879729e-03
6.236285040224039643e-03
7.467205696566788821e-03
1.561185565093003297e-02
1.737394349155142736e-02
1.013989763197497770e-02
8.510336182137697575e-03
1.086988785867521769e-02
8.566558223079752746e-03
8.156024528966273127e-03
6.740240196203008474e-03
6.409474108138202460e-03
6.202566356938562543e-03
5.349399268995096504e-03
5.181050870889498949e-03
4.896699416416662454e-03
5.276970151397917391e-03
5.179921303082395644e-03
4.973245807635931492e-03
4.351897809056587754e-03
4.136968151102831184e-03
4.310570404301454842e-03
5.120323752455505431e-03
5.519815893084915014e-03
7.055983602724693118e-03
1.432585349548277584e-02
1.695016539874084210e-02
9.063389280201568365e-03
8.655486147661038340e-03
1.010070734852809918e-02
7.776510694788562120e-03
7.591984062283126979e-03
6.956465427338341147e-03
7.205581315505651951e-03
6.914700094012566148e-03
3.581156701217462837e-03
3.131245987282859147e-03
2.983972085294900149e-03
4.088492489155427963e-03
5.071421349306165158e-03
4.671217321797653706e-03
4.138432788076224118e-03
4.203437931007809013e-03
4.021676993112505497e-03
4.933541226718161227e-03
5.352766931424906074e-03
6.381710470987506448e-03
8.435445246257946075e-03
1.011506228472025710e-02
6.907161014775435419e-03
8.856265483004397213e-03
9.852699420909270464e-03
7.970145846038688420e-03
7.608621496201297373e-03
7.266473381515638381e-03
7.313648077808780103e-03
7.012477834467534601e-03
2.094646225924845159e-03
1.774490086568726458e-03
1.678085483518647596e-03
3.631215381585521564e-03
4.758775303209269135e-03
4.439929891147731573e-03
4.279480511207639157e-03
4.381024497158733308e-03
4.695742080609003992e-03
4.566324748282815128e-03
5.511987057548982383e-03
5.866144864279546588e-03
6.757713897429682912e-03
6.534879456596150160e-03
6.811904219370105117e-03
8.174387291221114904e-03
1.019010129154740256e-02
9.358972219037420270e-03
8.079471170074410680e-03
7.056365801412381976e-03
6.661786157407878668e-03
5.735270770979516118e-03
4.189264420189975531e-03
1.694591554962558613e-03
1.611315426819118560e-03
1.645682264625290304e-03
2.316776249143812343e-03
4.534760789002900867e-03
4.356857964102132767e-03
4.200068060998563349e-03
4.443268142180678039e-03
4.374607477659060717e-03
4.003493897156950622e-03
4.490314177984808773e-03
5.283333683087501793e-03
5.547309380576566189e-03
5.803106400115346820e-03
6.272204934596371621e-03
7.777869976075354845e-03
8.413663041996366498e-03
9.092037313054373085e-03
7.374694662881486028e-03
6.383288686198217154e-03
5.466816831886032492e-03
4.384801366630895585e-03
2.969531733312724426e-03
1.809690124642701842e-03
1.534063667978769526e-03
1.507347702612111531e-03
1.290636206114733741e-03
3.272050232798964873e-03
3.908474159277515979e-03
3.668383683687374830e-03
3.818650419513384357e-03
3.827232292588846237e-03
3.839716384256327674e-03
4.285121210103417545e-03
4.185035405105647088e-03
4.102460235173319668e-03
5.303718897019639791e-03
5.878745351147688508e-03
6.988325942524012922e-03
7.805513195049615383e-03
8.601520061033008160e-03
8.652439697381154177e-03
6.556792759600980729e-03
4.541962809952689202e-03
3.351933817252700926e-03
2.554588019847869873e-03
1.424907166280864291e-03
1.312415104037449598e-03
1.441796183770085484e-03
2.171961498665221126e-03
3.251063120034005955e-03
3.118270732186458841e-03
3.287456676731874763e-03
3.245502503381835283e-03
3.667998576053866505e-03
3.915375294048844754e-03
3.674582428770300970e-03
3.347088007923261672e-03
4.051510902857522606e-03
5.123071466647318752e-03
5.812448304991617472e-03
6.644723873677445443e-03
7.490024200560134113e-03
8.052973881547834459e-03
6.202297814098404853e-03
3.975267372565504699e-03
3.329663686914208307e-03
2.557811637719472394e-03
1.072534704925837308e-03
1.051031306018063985e-03
1.937385223070044659e-03
2.471828051371338739e-03
2.575668552315529391e-03
2.697118787945788562e-03
2.889508565450892106e-03
3.106174691591733709e-03
3.181762119502197072e-03
2.976821494047288477e-03
2.746398882641468316e-03
2.598498640352009132e-03
3.814371436385920883e-03
6.029950611848085285e-03
6.985565038098964959e-03
6.452607416352371811e-03
6.507665286829442293e-03
5.218037185661586821e-03
3.894647146448677183e-03
3.165728791996284559e-03
2.350108008141870916e-03
8.616292458257557340e-04
1.270437325684376732e-03
1.738631959866594441e-03
1.676889722821889132e-03
2.025336153621291012e-03
2.255160085580967203e-03
2.280258378128946408e-03
2.209031517490928770e-03
2.511494126124882206e-03
2.291480481716585711e-03
2.100284481536090955e-03
2.139461725478830709e-03
6.109088805524263976e-03
6.823293902094901622e-03
6.127683215855080426e-03
4.953082087507218630e-03
4.315028507492424219e-03
3.446273114762188599e-03
2.749670250916186765e-03
2.186148484915862843e-03
1.251931417227527231e-03
1.340778073134981513e-03
1.070572040331216552e-03
1.677704250646962084e-03
1.990237595214519768e-03
1.911007546256353893e-03
1.939907267597722456e-03
2.207439657254719242e-03
2.065089646220943063e-03
2.050755263800606385e-03
1.836061719115133703e-03
2.464365807863492727e-03
5.138978804749103069e-03
4.785169634600112618e-03
4.151403880965562343e-03
3.921105859824168711e-03
3.522683555881182208e-03
2.636841843249621183e-03
2.419335491679332987e-03
6.910024762705519906e-04
7.728830635271690189e-04
2.091265007577560679e-03
1.949061110707712725e-03
1.549106257979148641e-03
1.703748077062177107e-03
2.012426010620446681e-03
2.359010020477904021e-03
2.066227940865504771e-03
1.864956246321032010e-03
1.689185812547630474e-03
2.502027407495511710e-03
3.509128420257274106e-03
3.928853612807061552e-03
4.119034758826464922e-03
3.607659727151011318e-03
2.854540829121330649e-03
7.816606609403718708e-04
1.425666383893033594e-03
2.375222963890359640e-03
2.066004371707454070e-03
1.853049229715525307e-03
2.292552066070061966e-03
2.349714544475262762e-03
2.526340773329138756e-03
2.058611136435726553e-03
1.791116356113810681e-03
1.774333279172424227e-03
1.843850139850451708e-03
3.407087772049837739e-03
3.988624469917497785e-03
4.368763440001158238e-03
1.848336917096332155e-03
2.312877235206901774e-03
2.338909197679180443e-03
2.511400418976942554e-03
2.986610656888741538e-03
2.944483875906393766e-03
2.259207878658478930e-03
1.935007987704909921e-03
1.759812457883661464e-03
1.774131873030399464e-03
1.733161967512174099e-03
2.837809238383075163e-03
3.784031823513178423e-03
2.903639942545581908e-03
3.027134089167287170e-03
2.950626436942889452e-03
3.279660014941552550e-03
3.068682611172581821e-03
2.520287113356185511e-03
2.034169871842971683e-03
1.696971888987370506e-03
1.951281611885254509e-03
1.703331985706348561e-03
3.236510399958969757e-03
3.551397231166009485e-03
3.353755869385269001e-03
3.114357171005304858e-03
