0.000000000000000000e+00
8.955427465942625536e-05
1.987353958806751793e-04
3.120261048600485657e-04
4.178892425540966095e-04
5.015531989690218823e-04
6.372779738082350086e-04
7.679889440315506785e-04
9.470244535060184151e-04
1.107283224939371305e-03
1.277856534442060009e-03
1.453564603936149426e-03
1.678782666460834627e-03
1.926183719799648636e-03
2.192852363969714953e-03
2.473452598077513411e-03
2.745187273933874343e-03
3.010515479737133765e-03
3.241812585384254691e-03
3.464677009958771429e-03
3.634060065194275047e-03
3.809394738617179373e-03
3.966087368293928425e-03
4.096320580888742138e-03
4.235492992585809108e-03
4.358425407899322798e-03
4.448724309959854045e-03
4.572479476830606203e-03
4.660513577012655347e-03
4.765789534259945621e-03
4.859535985311892736e-03
4.955193621522778653e-03
5.042226775039623972e-03
5.168229628763409272e-03
5.251987955314607430e-03
5.332123304356816036e-03
5.406259136020579413e-03
5.457744582774548721e-03
5.504720606893763815e-03
5.554176861582071391e-03
5.565765870147711125e-03
5.588311817976159349e-03
5.610981711516476074e-03
5.639390418522874544e-03
5.688962951769669686e-03
5.734875744847827035e-03
5.764165407722147624e-03
5.794083156579701681e-03
5.882455027637717611e-03
5.991123312482271937e-03
6.095516918337078732e-03
6.221722364276851581e-03
6.336901578597565511e-03
6.471013064789065891e-03
6.603481479556895517e-03
6.750339235021767838e-03
6.863294134447930038e-03
6.972112064529341867e-03
7.098293441149147905e-03
7.239665185452549313e-03
7.384519527980658304e-03
7.515043999090801306e-03
7.593288064567966546e-03
7.666706742250523759e-03
7.719449827836900348e-03
7.782480203349927649e-03
7.823807165180569206e-03
7.853869431800771655e-03
7.869616243264789673e-03
7.910668615305711804e-03
7.955841595796332363e-03
8.032336928187817568e-03
8.084469354408267000e-03
8.142488754481355673e-03
8.144724915066528514e-03
8.172820418488397493e-03
8.167181517136292909e-03
8.146478470673358327e-03
8.122430085569572189e-03
8.088371126223908511e-03
8.049830573835899811e-03
