7.525237300145773411e-03
7.273668032369495599e-03
6.703636643511277915e-03
6.449673669757666379e-03
6.030977830106829495e-03
7.510414462030669779e-03
7.471272905851587473e-03
7.131962404574876575e-03
6.768846654413658917e-03
6.558423539922561378e-03
6.248053002320689588e-03
6.781188069762271106e-03
8.509326737696006060e-03
8.165807445981988072e-03
7.452802387652573794e-03
7.304790004351992966e-03
6.878744465885338992e-03
6.383147343625257195e-03
5.967039223990322321e-03
5.415054498079382300e-03
5.134728219774033903e-03
6.595085087565727769e-03
7.579778390074217408e-03
8.829271374845210074e-03
9.121026458609619858e-03
9.973626685857680738e-03
7.383445530761907280e-03
7.004351021698963613e-03
6.530862876478536576e-03
5.657171140666361273e-03
5.730306913639291941e-03
5.028612727736249746e-03
4.583713104143554568e-03
5.649003165739553689e-03
6.817159058963075460e-03
7.407061180766717941e-03
8.623197466353482721e-03
8.923543680367278935e-03
9.710380168671914336e-03
9.849434347685289207e-03
7.557111251869319708e-03
6.844546783853460402e-03
6.396081942467041551e-03
5.643601954719166397e-03
4.920108542766099720e-03
4.456722970913957506e-03
4.339128525720702470e-03
4.437454412748784334e-03
5.322237568045103638e-03
5.519287281290248363e-03
5.709546784881824703e-03
7.539401280716705352e-03
7.324938664506016640e-03
5.555960895525245517e-03
6.627434608813972949e-03
1.270219807248608619e-02
1.033709192487560630e-02
9.291318567170773687e-03
7.347561832931306242e-03
6.659955062248089017e-03
5.922661864279228985e-03
5.089660738537340849e-03
4.270070036988199771e-03
3.936041606429182410e-03
3.917535123081855239e-03
4.010731285368955047e-03
5.269727968599324970e-03
4.434872752078521281e-03
4.023979900887719036e-03
5.005682061173390152e-03
5.176101672897161395e-03
4.648358594514084667e-03
6.452074071771844894e-03
8.674940151840816738e-03
7.021206638051403701e-03
6.284520489934049964e-03
7.134768858919908821e-03
5.477547323630180091e-03
6.626761345951645045e-03
6.212771720724341064e-03
5.785290933685537963e-03
5.308858590361512780e-03
4.625262140675827534e-03
3.903080375842106313e-03
3.875236337383588300e-03
3.450037474617546202e-03
3.680644855823045954e-03
4.873792123463418363e-03
4.309718681062444864e-03
4.523368305124250352e-03
7.630210423002732134e-04
3.801062361791408156e-04
3.204336846757530749e-03
5.807653989320919752e-03
8.785028579748339894e-03
6.097103572554058402e-03
5.858780885184252350e-03
4.918298764545240252e-03
5.170201698755040945e-03
6.202566356938562543e-03
5.349399268995096504e-03
4.820644579551837741e-03
4.371048077756975979e-03
4.741532337150455682e-03
4.161467085833902776e-03
3.688462055575700282e-03
3.363767040916430980e-03
3.113655649401523336e-03
3.892137565546565682e-03
4.733378539022840142e-03
4.456728041447975339e-03
4.370711933545491992e-03
4.637954727603542208e-04
3.512065186104909890e-04
2.428719058509249285e-03
6.355439173345120429e-03
8.498042821884155273e-03
4.820031562337168812e-03
5.698533935679329573e-03
5.950813883064705670e-03
5.781776582201321631e-03
6.914700094012566148e-03
3.581156701217462837e-03
2.882707910037334963e-03
2.454580854118606180e-03
3.299158894353442818e-03
4.031891049242314340e-03
3.349471377369798303e-03
3.022793427477648079e-03
3.089889171130863130e-03
3.907918608115043373e-03
5.043622842173517765e-03
4.263020833425315917e-03
4.611929036377940445e-03
3.467950686800903067e-03
1.732412976123691439e-03
4.882211831792108298e-03
7.411027492999881089e-03
8.189891361527971980e-03
6.052181803057958900e-03
5.580046754560352533e-03
5.379649120624418676e-03
6.086816413351047068e-03
7.012477834467534601e-03
2.094646225924845159e-03
1.495716587444882251e-03
1.016428763115847633e-03
2.957811303160808817e-03
3.506357356170077249e-03
3.122521127447670103e-03
3.121549792495774672e-03
2.998596862142468601e-03
3.048115858325251698e-03
4.684075874126988025e-03
5.572837869418255895e-03
4.476000876798305779e-03
3.322759963698500990e-03
4.113981112935522974e-03
5.590726538808487266e-03
7.194197007557693452e-03
8.315991828747001588e-03
7.564266373253899188e-03
6.219704945882161169e-03
5.194814473298596351e-03
5.203167091549178690e-03
5.735270770979516118e-03
4.189264420189975531e-03
1.694591554962558613e-03
1.313500520255830601e-03
1.072328537702560425e-03
1.608465510753937736e-03
3.591395730589642867e-03
3.528193467193179757e-03
3.161836208568679155e-03
2.982656620902779474e-03
2.576837799063435436e-03
2.378661990349675327e-03
2.870660367203347295e-03
3.950810393341529399e-03
3.308354378217992411e-03
4.012976801827734114e-03
4.948446311000561683e-03
6.346142980705567031e-03
6.557194504564926862e-03
7.021898783191486866e-03
5.818965189434864224e-03
5.088485788875891924e-03
4.662117081475846379e-03
4.088309168079753281e-03
2.969531733312724426e-03
1.809690124642701842e-03
1.125438000868868001e-03
1.095426464338361420e-03
8.934156992185263374e-04
2.412491811462390452e-03
3.254056367793200805e-03
2.930690040007049441e-03
2.517527567199718923e-03
2.129641258054309517e-03
1.918656337592336818e-03
2.176879111815382094e-03
1.551415914968575947e-03
2.124554463259783685e-03
3.843504669616160021e-03
5.353368853971959829e-03
5.807718524145592288e-03
5.817291252085088522e-03
6.385398442270579129e-03
6.640279159685711502e-03
5.507619614586418272e-03
3.881692357453299120e-03
3.067907934755454823e-03
2.554588019847869873e-03
1.424907166280864291e-03
8.312052828662189544e-04
1.106356259113476515e-03
1.726916496768409826e-03
2.656537579533494592e-03
2.429700169114418998e-03
2.108749623099962726e-03
1.789388879213804021e-03
1.211565723757685028e-03
1.762390424163989052e-03
1.656071581866270289e-03
1.595021898133887209e-03
2.219750042889773265e-03
3.910912128587908446e-03
4.280518508303542136e-03
4.886092727336986512e-03
5.861050995457687228e-03
6.267076668639977484e-03
4.713159709892890750e-03
3.369898960730176047e-03
3.151594120779155090e-03
2.557811637719472394e-03
1.072534704925837308e-03
7.540862432416574508e-04
1.542682621490072377e-03
1.935890438839977168e-03
1.769077389236585647e-03
1.320425673951337300e-03
1.277015762932506501e-03
1.365754132469495065e-03
1.104409817928149462e-03
1.210895884368154689e-03
1.022276135138523332e-03
1.048799009165829986e-03
2.194141046610088765e-03
4.417282430725286840e-03
5.546947814708138615e-03
5.304407811275235057e-03
5.458533292475305915e-03
4.387405310056091516e-03
3.380658702901852102e-03
3.038685262939076499e-03
2.350108008141870916e-03
8.616292458257557340e-04
8.722341354982352966e-04
1.276009187194300249e-03
1.012395021080234915e-03
6.841199679507149831e-04
7.080517272338455320e-04
6.745018202949453444e-04
7.973198928398850336e-04
1.062133671416912563e-03
8.282794467644927130e-04
6.428119427536005230e-04
8.726207665915107058e-04
4.775665880223652765e-03
5.679237205006274283e-03
5.132667271903267742e-03
4.364142608311440824e-03
4.043453821429499745e-03
3.481618795589900509e-03
2.603266365182252406e-03
2.186148484915862843e-03
1.251931417227527231e-03
1.340778073134981513e-03
4.895013170661750065e-04
9.667825436702480501e-04
9.042560180396209957e-04
8.413582396360091194e-04
7.274452550911609345e-04
7.849138368059087843e-04
5.422125191048339119e-04
5.954608643128548153e-04
5.909718492608747632e-04
1.244156689440219276e-03
4.122796091883454590e-03
3.963308909011108161e-03
3.753588293437604487e-03
3.633425823976228417e-03
3.427199513455967978e-03
2.510601953591829524e-03
2.419335491679332987e-03
6.910024762705519906e-04
4.236656528564146981e-04
1.669792205463221111e-03
1.352776687040373139e-03
6.829652831786208562e-04
5.287287331381697580e-04
7.111690306093221454e-04
1.004819223588263467e-03
6.913939594394630976e-04
7.698676652378506251e-04
8.518767121760317980e-04
1.884192116213617534e-03
2.950893749517422959e-03
3.523565552852772013e-03
3.929901316210075886e-03
3.607659727151011318e-03
2.854540829121330649e-03
7.816606609403718708e-04
1.228679891353771925e-03
1.982658109800131217e-03
1.671370509781955295e-03
1.053615731911526762e-03
9.749245450452521554e-04
1.041827277843782864e-03
1.172726657701495282e-03
8.887106345759497508e-04
9.130596666148414796e-04
9.914696343059157656e-04
1.272653212287911751e-03
3.029653075277621149e-03
3.849320769034050242e-03
4.368763440001158238e-03
1.848336917096332155e-03
2.131079354130858451e-03
2.083505723189941778e-03
1.995913676463389411e-03
2.088080548011571422e-03
1.780671547210120045e-03
1.183827989016096160e-03
1.207526679435330912e-03
1.111492241896619871e-03
1.274789631241690993e-03
1.447771203037305325e-03
2.837809238383075163e-03
3.784031823513178423e-03
2.903639942545581908e-03
2.775311188335404054e-03
2.648336128734144271e-03
2.902083561675232112e-03
2.461280455283912719e-03
2.520287113356185511e-03
2.034169871842971683e-03
1.696971888987370506e-03
1.951281611885254509e-03
1.703331985706348561e-03
3.236510399958969757e-03
3.551397231166009485e-03
3.353755869385269001e-03
3.114357171005304858e-03
