0.000000000000000000e+00
1.134965366533941667e-04
1.580051647049985166e-04
1.843259806624228164e-04
2.383944274851720793e-04
2.927022551118638074e-04
3.339306875585024517e-04
3.632311291576989054e-04
4.426764021265862359e-04
5.113809294031806908e-04
5.655075202016607511e-04
6.655483899151677174e-04
7.557106322061670151e-04
8.821525153522952146e-04
1.034965256817203458e-03
1.230269379653681086e-03
1.444037279807521782e-03
1.688921569624098886e-03
1.928318865531641196e-03
2.142243171643497431e-03
2.304284015258032444e-03
2.446966733136293065e-03
2.581120226144169912e-03
2.694577540740920440e-03
2.812859198025238153e-03
2.898542080396828563e-03
2.931724477381416651e-03
3.035224564070944896e-03
3.167860765504390119e-03
3.274056729002698500e-03
3.417787660088582140e-03
3.539058314242543753e-03
3.646590593260269804e-03
3.811343891901624627e-03
3.938898541435130810e-03
4.063042038249241664e-03
4.188916309194713229e-03
4.304600483606342912e-03
4.421958589162098587e-03
4.529701977294717068e-03
4.575127730143419696e-03
4.618687740134767503e-03
4.657816906415397987e-03
4.680851778083074295e-03
4.718688123624826050e-03
4.775516381321999633e-03
4.834228000402355542e-03
4.902349592362941974e-03
4.962047172369439714e-03
5.040880956677660889e-03
5.096161485249920201e-03
5.151761259246811012e-03
5.186700251605887851e-03
5.272696627531527069e-03
5.354546489505051902e-03
5.423682045815861504e-03
5.494963981721406703e-03
5.569217420915814794e-03
5.607470957493925108e-03
5.677247630051760613e-03
5.747010666149600204e-03
5.827091471407178438e-03
5.884527726497469462e-03
5.945137285678068519e-03
6.009061030068797715e-03
6.077622110566708105e-03
6.138798567475645465e-03
6.200236072836149033e-03
6.239285089449146671e-03
6.285327196477696367e-03
6.347467917222187825e-03
6.398334439369024115e-03
6.454142497847183135e-03
6.500232193913668861e-03
6.517036092180843176e-03
6.533518756014994842e-03
6.535698814938466043e-03
6.530783241772550839e-03
6.516370289770907417e-03
6.507997683793342869e-03
6.832555167759784068e-03
