CLUSTEROFFSETS 81
69
112
197
293
326
422
471
570
667
716
823
907
995
1082
1138
1212
1288
1356
1433
1524
1596
1673
1713
1803
1831
1909
1979
2087
2151
2222
2341
2385
2425
2481
2585
2634
2693
2743
2784
2826
2909
2984
3076
3120
3173
3300
3398
3487
3575
3611
3698
3766
3837
3860
3891
3928
4023
4079
4156
4231
4275
4351
4425
4470
4580
4649
4733
4765
4816
4874
4922
4999
5049
5096
5163
5192
5264
5313
5343
5409
5476
CLUSTEINDICES 5476
2099
2270
2229
1819
2083
1073
309
308
1072
1914
2065
2019
1802
1094
330
329
1093
1761
2074
1092
328
2383
2174
1803
2029
1847
1766
1114
350
349
1113
2427
348
1112
2061
2130
1934
2396
1912
2310
2420
2425
2154
1132
368
370
1134
1569
369
1133
1849
2397
1817
2194
2402
2160
1825
2003
1152
388
1153
389
2159
2034
2127
1785
2178
1987
1882
2265
1295
1296
1297
1713
1298
2093
2390
1315
1991
1316
1555
1714
1317
2421
1333
2109
1334
1552
2415
1335
2322
2422
2426
1351
588
1352
2381
1582
2195
1367
2418
1943
1368
2179
605
1369
2094
1384
1385
2307
2279
1576
1871
1433
2380
1872
1693
1736
1447
2332
2280
1448
1449
1450
2367
2011
2346
2206
1661
2281
697
1461
2047
698
1462
2125
2391
2205
1463
2347
1704
1464
1583
2100
1475
711
2247
1465
2328
2393
712
1476
2048
1489
2372
1833
2233
1672
1604
1477
713
1478
1479
1850
2417
726
1490
2256
2300
2379
2388
2341
2238
727
1491
1492
1503
1603
2424
1656
1834
1493
1494
2110
1504
2064
1505
1506
1602
1835
1516
1836
1517
1601
1518
1837
1600
1637
2055
768
3
1843
1636
767
1635
2
766
1842
765
1841
1
1634
785
2385
0
2189
1701
1633
764
784
20
19
783
2283
18
782
17
781
1572
2387
802
38
1814
37
801
1737
1982
800
36
2333
1804
799
35
2416
2080
54
818
2423
798
1632
34
1715
817
53
2102
52
816
835
71
2215
51
1716
1631
815
834
70
1543
833
69
2406
68
832
1630
1717
88
852
1899
87
851
2212
850
86
869
105
1629
85
1718
849
104
868
867
103
1719
2028
172
171
1592
2027
192
191
190
1773
212
2365
1593
2026
211
210
2419
2378
1564
232
231
2304
1906
252
251
2045
1689
273
1754
272
2360
2186
1753
294
1682
778
1559
1711
1670
777
13
1556
1702
776
2412
1549
1648
12
2413
11
775
1644
1646
795
774
1643
1647
10
2009
794
30
2209
2223
1924
29
793
2246
28
792
2329
2037
1642
773
1763
812
2414
791
27
1550
47
811
810
46
790
26
2330
45
809
2098
2066
2285
808
44
1544
2214
828
64
2145
1939
2014
43
807
63
827
826
62
1917
825
61
845
81
60
824
1757
844
80
1762
2075
843
79
842
78
77
841
1815
861
97
96
860
2053
1776
1891
2187
1777
1099
1683
1098
2318
2410
1778
1119
1673
1118
1117
2106
2312
2409
2355
2133
1137
1138
1779
1139
2286
1674
1574
1892
1948
2411
1157
1158
1675
1159
1780
2007
2146
1177
1178
1660
1179
1781
2155
2070
1197
1198
1782
1664
1199
2271
1143
2340
1165
1164
1161
1162
1163
2057
2358
2210
1911
1185
1186
1184
1181
1183
1182
1764
2359
1894
2121
2382
2289
1925
1967
2343
1910
1201
1205
1206
1204
1202
1203
2078
2321
2259
2353
2236
1881
1219
1220
1221
2295
1222
1224
1223
1225
1854
2242
2408
2323
1947
1983
2059
1240
2095
1241
1243
1242
1244
1245
1246
2015
1885
2024
2056
2142
1901
1260
1261
1262
1263
1264
1265
1266
2085
2119
2263
2277
2173
2311
1281
2140
2336
1282
1283
1284
1285
1286
2132
1851
1301
1302
1303
1790
1304
1305
2120
1322
774
1643
2009
2209
2223
1649
1642
773
1763
9
791
2161
8
1641
2202
772
1650
790
26
7
1651
1769
1640
2158
771
2066
1652
1639
1768
6
770
769
1638
1767
25
789
808
2407
788
24
43
807
2191
787
23
1554
1917
22
786
806
42
825
1565
2234
41
805
60
824
1832
804
40
1762
39
803
1784
823
59
802
2075
58
822
57
821
77
841
2087
56
820
55
819
840
76
2156
75
839
838
74
73
837
858
857
93
856
92
2175
91
855
1880
1758
2303
2369
2157
1787
1216
1215
1798
2000
2060
2338
1963
2264
468
469
1233
1235
471
470
1234
2317
2190
2405
1918
489
1254
490
1255
491
492
1256
2334
1811
1978
2241
1974
509
510
1274
511
1275
1276
1954
1816
1755
1794
2183
2093
156
155
2005
1625
154
1722
176
939
175
938
174
1772
1723
937
1624
173
197
1830
196
960
195
959
958
194
957
1724
1623
1694
193
2077
217
981
216
980
2182
979
215
1844
1874
978
214
1725
213
1692
977
1622
2404
238
1001
237
1000
236
999
235
234
998
1726
1690
233
997
1621
1744
2302
1745
2126
2291
2166
1021
257
1020
256
258
255
1019
1976
254
1018
1017
1685
1620
1727
253
278
1042
1756
1041
277
279
1040
276
1039
275
1619
1677
1728
1964
2069
2386
299
298
1062
297
1061
2282
1950
1827
1852
1538
2337
2165
2245
1270
1271
1272
1951
1273
2025
1888
1289
1755
526
1290
1291
527
1292
2274
1293
2374
2269
2013
2219
545
1309
1310
546
2225
1853
2042
2305
1311
547
548
1312
1313
1314
2046
2181
1328
564
2403
1904
1329
565
1960
566
1330
567
1331
2079
1332
2217
2326
2221
2170
1571
2398
2109
1346
582
583
1347
1348
584
1349
585
2368
1350
2096
1993
2036
2123
1363
599
600
1364
601
1365
1366
1381
1382
1765
1726
997
1621
2291
2166
1019
1018
1017
1685
1620
1727
1756
1041
1040
1039
1038
1619
1677
1728
1964
1062
1061
1060
1729
1738
1059
1669
1618
2282
1950
1827
1852
2213
2392
1083
1082
1081
1080
2342
2301
1573
1848
2251
2370
2401
1103
1102
1101
1100
1735
2357
1877
1705
1972
1617
2249
2364
2376
2084
1846
1123
1122
1121
1734
1120
1971
1875
1616
1706
2258
1933
1970
1140
1615
1876
1709
1142
1141
1895
1614
1878
1969
1160
1161
2358
1613
1968
1180
629
2325
630
1884
643
644
645
1903
2006
2228
646
657
658
647
659
2073
660
671
2138
672
661
1897
2399
673
1900
2222
674
2373
662
1859
675
686
687
676
1789
688
2062
689
1828
690
2108
2400
677
2235
691
700
2247
701
1792
702
703
2122
704
2048
692
1994
714
2172
715
2349
716
2260
717
705
2388
2267
718
2004
728
1810
729
2128
730
719
731
1989
732
2252
2284
2237
1923
1809
743
733
744
2306
745
2050
250
249
2366
2041
271
270
269
268
267
1799
2148
2229
292
291
290
289
288
1958
1913
2163
314
313
312
310
311
309
2117
2395
1829
334
333
332
331
330
329
2114
1847
354
353
352
351
1766
350
349
1896
1887
1783
373
372
370
371
1817
2052
1806
392
949
948
2063
1935
971
970
969
967
203
204
968
966
2188
1942
2297
2309
992
2012
1770
991
2023
224
988
225
989
990
987
223
986
2290
1800
2162
1013
1012
1011
1010
1009
245
244
1008
1786
1007
243
1940
2394
2131
1033
1032
1031
1030
2044
2099
1029
1028
1027
2270
2229
2255
1054
1053
1052
1051
1050
1819
1049
2083
1074
1073
1072
1914
1071
2065
1093
1092
444
445
2327
2226
1949
462
463
464
2091
465
2058
2354
1908
2239
2164
483
484
1249
485
486
1965
487
2207
2171
2204
503
2262
504
1268
2377
2245
505
1269
506
507
2288
1951
2389
2025
523
524
1288
2151
2035
1921
1289
525
2112
526
1986
527
1532
2274
543
2374
2269
544
1308
545
1309
2192
546
1853
2042
2305
547
562
2168
563
564
565
1960
2079
2217
581
582
896
132
1795
131
895
130
894
150
914
149
913
2152
912
148
1759
147
911
910
934
933
932
168
167
931
166
930
929
165
164
928
1883
1936
2384
1771
953
952
187
951
186
950
949
185
948
184
947
2063
973
1935
972
971
970
2103
969
2143
968
2188
1942
993
2309
992
2012
1770
991
989
990
2290
1800
1012
1801
1786
1007
1004
1006
1005
2339
1028
2184
1027
1998
1026
1025
1024
2255
2038
1050
1049
1048
2040
1047
1046
1045
1984
2076
1914
1962
1071
1070
1069
1068
1742
1067
1066
2375
1761
2049
1092
1091
1090
1088
1089
1087
1086
2174
2218
2029
1805
1820
1898
1112
1111
1108
1109
1110
1107
2018
1938
1955
2396
2420
2425
1128
2154
1127
1129
1130
1131
1845
1856
2160
1147
1148
1149
1957
1150
1999
2193
779
1684
1927
797
1663
796
795
814
2231
1586
1929
2089
794
49
813
1924
2246
2329
48
812
1567
2208
67
1930
1587
831
811
2350
810
66
830
2098
2352
2200
2285
829
65
1544
2214
828
64
2145
1939
848
1931
84
1588
1916
63
827
1531
1546
83
847
2371
846
82
845
81
1757
1551
844
80
1589
1932
865
101
1566
2298
2010
100
864
863
99
862
98
861
97
882
118
1793
881
117
116
880
115
879
899
898
897
1805
1820
345
346
2022
1955
1912
2104
364
2154
365
366
367
1845
2261
2160
383
2068
382
384
385
1957
386
387
2034
1977
1999
1785
403
402
404
405
406
407
2363
408
2002
2253
1822
1926
1812
422
1882
423
424
1858
425
426
427
1831
2090
1995
1988
442
443
444
445
446
2327
447
2226
1949
462
463
464
2091
465
2058
1908
483
484
485
2244
1343
1823
1344
2079
1345
1358
1359
1360
2201
1909
1361
1826
2051
1818
1362
1807
1375
1376
1363
1377
614
1378
2101
1390
1379
2113
2105
1391
2197
1392
2167
1393
1380
2325
2086
2362
1394
630
1406
631
1395
1884
1407
1952
1919
1408
645
1409
1903
2228
1410
646
1422
1411
2039
2016
1423
2073
1424
660
1425
1897
1437
1900
2222
1438
2373
1426
1859
1439
1440
2062
1453
1454
2108
1455
917
1590
916
152
2081
2028
172
1591
936
935
171
170
934
1893
1883
956
1592
2027
955
191
954
953
2107
1773
2361
2365
1593
2026
976
975
974
2072
2378
996
995
994
2304
1906
1016
2020
1120
1971
1970
1140
1615
1876
1141
1895
1614
1707
1878
1969
1160
1161
1162
2358
2210
1613
1968
1180
1879
1710
1181
1182
1764
2359
1894
2382
1925
1200
1967
1708
1730
2293
1612
2343
1201
1202
1203
2321
2353
1575
2356
1881
2344
1219
1220
1221
2295
1222
2331
1854
2242
1688
1861
1239
1739
1611
2180
1240
1241
1243
1242
2015
2021
2024
1679
1860
1259
1610
1901
1260
1261
1262
2085
2119
1609
1668
1279
1862
1280
1281
2140
1282
1608
1299
1863
1300
1301
2008
415
1746
434
1747
435
2287
453
454
2313
472
473
1659
474
1594
2351
1918
493
494
2334
2250
1562
513
1645
2092
514
533
534
1658
1900
1439
1440
2062
1453
1454
2108
2235
1455
1579
1792
2043
1466
1467
2122
1468
2048
1456
1994
1479
2349
1480
2260
1481
1469
2341
2267
1482
2004
1470
1810
1493
2128
1494
2335
2278
1483
1495
1989
1496
2064
2252
2284
1484
2237
1923
2316
1809
2243
1506
2348
1507
1497
1508
2306
1509
1518
1837
1600
1838
1519
1599
2273
1510
1598
1698
1839
1520
1840
1597
1521
1697
1956
1581
2150
1703
1522
2272
1074
1075
1073
2065
2019
1096
1095
1094
1093
1092
1568
2383
2248
1996
1803
1117
1116
1115
1766
1114
1113
1112
2061
2130
1540
2355
2396
2310
2420
2425
1137
1136
1132
1134
1569
1133
1135
2397
1892
2194
2402
2345
1825
2003
1156
1152
1154
1153
1155
1157
2159
1542
1997
2129
1175
1172
1176
1174
1173
2178
1987
1192
1195
1196
1194
1193
2157
1213
1214
1215
1911
1710
1731
416
417
419
418
1764
436
1708
1730
2293
1612
1910
437
440
438
439
2321
1881
2344
455
456
457
2295
458
459
1854
2242
1947
1983
1688
475
1739
1611
2180
476
2095
477
479
478
480
481
2015
2021
1553
2024
2056
2142
495
1679
1740
1610
1901
496
2324
497
498
499
500
501
2085
2119
2033
2277
1609
1668
515
1741
516
2311
517
2140
518
519
520
521
2132
1608
1671
535
536
537
538
2097
539
1790
540
2240
2153
2176
554
1653
1607
555
556
557
558
559
1990
572
1654
2144
573
574
2276
575
576
1014
1013
1966
2131
1035
1034
1033
1032
2044
1799
2031
2148
1057
1056
1055
1054
1053
1052
2139
1973
2083
1078
1077
1076
1074
1075
1073
1891
2320
2187
1829
2019
2319
1098
1097
1096
1095
1094
1093
1568
2318
2383
2248
1996
1803
1118
1117
1116
1115
1766
1114
2106
2130
1540
2355
2310
1137
1136
1134
1569
1135
1892
2194
1156
1172
1173
1987
1191
1192
1194
1193
2203
1988
2157
1210
1211
1212
1213
1214
1215
2254
1813
1228
1963
1229
1230
1231
1232
1233
1234
2354
1908
2239
2164
2317
1979
1249
2315
1250
1251
1252
1253
1254
1255
2204
1538
2337
2262
2165
2245
1811
1269
1270
1271
1272
1951
1273
2025
1274
1888
1289
1755
1290
1291
1292
2274
1293
2374
1294
2219
1310
2042
1311
1312
1313
1944
1865
2144
1337
1338
1339
1340
2257
1866
1353
1605
1655
1354
1355
1356
1985
1357
2227
2115
1358
1867
1667
606
1370
1371
607
608
1372
1909
609
1373
1374
1941
1375
1868
1386
1678
622
1387
623
1388
624
2118
625
1389
2067
626
1390
2113
2149
1391
1402
1869
1687
638
2314
639
1403
2086
1404
640
641
1405
1406
642
1884
1407
1824
653
1870
1417
1686
1890
654
1418
2006
655
1419
2137
1420
656
1421
1857
1422
1691
1871
1432
668
669
1433
2073
670
1434
671
1435
2138
2380
1436
2275
1872
1693
683
1736
1447
2332
2280
684
1448
1449
1450
2367
1451
2011
2346
1661
2281
1461
2047
1462
648
649
662
1859
676
663
677
664
691
2043
1889
2122
678
692
2198
2224
705
679
1530
1545
2032
1470
706
2199
2308
1548
1584
2128
2335
693
719
1989
1541
720
2237
2243
733
2306
707
2273
746
1535
734
758
1445
1446
682
1459
1460
696
1580
708
1472
709
1473
710
1474
1485
2299
722
1486
723
1487
1596
724
1488
1499
735
1537
736
1500
737
1501
1886
738
1502
1937
749
1513
750
1514
751
1515
1558
169
168
167
1883
190
189
2107
188
187
186
185
2063
210
209
208
207
206
2103
205
2143
231
2296
230
229
2309
228
2012
1770
227
225
226
2290
2050
251
1907
2045
250
249
248
247
246
1940
2366
1966
2041
270
269
268
267
1799
2148
2229
290
289
1958
2163
1043
1044
2069
2134
2386
1063
1064
1062
1742
1065
1067
1066
2282
2071
1945
1088
1083
1084
1085
1082
1087
1086
2218
1848
1898
2220
2177
1873
1108
1103
1104
1105
1106
1107
1102
1101
1797
2018
2141
1938
1808
2249
2084
1846
2135
1128
1126
1127
1125
1124
1123
359
1122
1121
1845
2294
1856
2258
1933
1147
2068
2088
1146
1148
1145
1144
380
379
1143
1142
1141
2054
2169
1895
2340
2001
1165
1167
1166
1164
1161
1162
1163
2253
1822
1926
2057
1911
1185
1186
1184
1183
1182
1894
2121
2289
1925
1205
1206
1204
1202
1203
2078
2236
664
1428
1429
665
1430
678
1442
1577
2198
2224
1443
679
1530
1545
680
1444
2032
2199
1445
681
1548
1584
693
1457
1539
1541
694
1458
1459
695
2292
1460
696
707
1471
2211
708
1472
1498
709
1473
721
1485
722
1486
1499
735
747
1511
583
2368
2096
1993
2123
599
600
1364
601
602
615
2197
1380
616
1381
617
630
618
1382
1765
631
1395
1952
1919
619
632
1396
2228
1397
633
1411
647
2039
1398
634
2268
2016
635
1412
648
2082
649
1413
1788
650
1426
662
1859
663
1427
677
664
2043
665
1889
678
692
2224
1530
2304
1906
1016
2045
2020
1966
1037
1774
1689
1754
1036
1035
2360
1799
2031
2186
1775
1753
1058
1680
1057
1056
2139
2266
1913
1973
1681
1752
1776
1079
1078
1077
1961
2117
1891
2187
1829
1777
1099
1683
1751
1098
2410
1778
1750
1673
2106
1783
2312
2133
1928
2232
780
1676
16
1695
2193
1560
779
15
1684
33
1927
797
2230
1663
1682
14
1559
1711
796
32
31
50
814
2231
1586
1929
2089
49
1924
48
2208
67
1930
1587
2350
66
2352
65
84
1659
1918
492
493
494
2334
2250
1978
1562
1974
511
512
1954
513
1645
1712
2092
1557
514
1794
2265
531
2216
532
533
1595
1713
534
1658
2183
2093
2390
551
552
1555
1665
1714
553
570
1552
571
588
2259
460
459
461
462
2091
1947
1983
479
480
481
482
483
1885
484
2056
2142
1965
499
500
2207
501
2171
502
503
504
2263
2277
2173
2311
2336
518
519
2288
520
521
522
523
1851
524
2035
538
1921
2196
2097
539
2112
540
541
1986
542
2176
2120
543
2124
544
557
558
559
560
561
1992
1990
562
2017
2168
575
563
576
1791
577
2244
578
2116
579
1823
580
593
594
595
596
1818
612
162
161
160
183
182
946
181
945
944
180
943
179
178
1905
1935
967
203
202
966
201
965
200
964
199
963
198
2297
2023
224
988
987
223
986
222
985
221
2162
220
984
219
983
218
2185
244
1008
1801
1786
1007
243
2136
1003
239
240
1004
242
1006
241
1005
2339
2147
1028
2184
1027
263
1998
1026
262
1025
2255
2038
1049
1048
1047
1984
1914
1856
1147
1146
1148
1149
1957
1150
2054
1977
1999
1165
1167
1166
1168
1169
1170
2002
2253
1822
1926
2057
1812
1185
1186
423
1187
1188
1858
1189
1190
2289
1831
1570
2090
1995
1528
1205
1988
1206
1204
2078
443
1207
1208
1209
1210
2259
2236
2226
1949
2111
1224
1223
1225
462
1226
1227
1228
2091
1229
2323
2058
1947
2059
2354
1908
1245
1246
483
1247
1885
1248
1249
1965
2207
1265
2171
1266
1267
1268
2377
2173
2336
1269
2288
1286
1287
1288
2151
2035
1921
2112
2114
355
1750
354
353
1915
1896
1783
2133
373
374
1749
375
1674
1948
2052
1806
393
394
1748
1675
395
2007
1981
2030
413
414
1660
415
1746
1758
2070
1953
433
434
2369
1747
435
1664
2287
453
2000
454
2313
1332
2221
1333
2109
1349
1350
2036
2123
1351
1365
602
1366
2195
1367
603
1943
604
1368
618
1382
1765
1383
619
1980
1384
620
1397
621
1385
1398
634
2307
1399
635
1400
636
649
1413
1788
1414
650
1959
1760
651
1415
1416
652
664
1428
1429
665
1430
666
297
1827
1852
319
318
317
316
2342
2301
1848
2251
2370
2177
1873
339
340
338
337
336
1735
2357
1877
1705
1972
1617
2141
1536
1808
2249
2364
2376
2084
1846
2135
360
359
358
1122
1121
357
1734
1120
1971
1875
1616
356
1706
2258
1933
2088
380
1970
1140
1615
1876
1709
1733
376
379
378
1142
1141
377
2169
1895
1975
2340
2001
400
1614
1732
396
1707
1878
1969
1160
397
1161
398
1162
399
2057
2358
2210
1911
1613
1968
1180
1879
1710
1731
416
420
1181
417
419
418
1182
1764
2359
1894
2121
2382
1925
436
1967
1708
1730
2293
1612
2343
1910
437
440
438
439
2321
2353
1881
2344
455
456
457
2295
458
1854
2095
220
219
218
217
216
1874
1801
2136
239
238
240
241
237
236
235
1744
2302
2147
1745
2184
257
1998
256
262
1022
258
259
1023
261
1024
260
255
1976
1902
2038
278
2040
277
1043
279
283
1946
276
282
280
1044
281
1045
2069
1984
1533
2076
2134
2386
1962
299
300
1064
298
304
1742
1065
301
303
1067
1066
302
1922
2071
1827
1945
2049
319
320
321
318
323
322
2218
1821
1743
1848
1898
2220
2177
1873
339
340
341
342
1797
2141
1938
1808
2104
2135
361
360
2075
77
841
2087
840
76
75
839
859
95
858
94
857
93
856
92
2175
91
855
877
113
112
876
111
875
874
110
1795
873
109
872
108
130
894
129
893
892
128
127
891
890
126
125
889
1920
2152
912
1759
147
911
146
910
909
145
144
908
907
143
906
142
930
929
165
164
928
1936
163
927
926
162
161
925
924
160
1771
948
947
183
182
946
181
945
944
180
1905
1935
967
966
965
2331
1861
1239
1611
2180
1240
1241
2015
1679
1860
1259
1610
1901
1260
1261
1262
2085
2119
2033
1609
1668
1279
1862
1741
1280
1281
2140
1282
1283
2132
1608
1671
535
1299
1863
1300
1301
1302
1303
1790
2008
2240
2153
2120
554
1864
1653
1607
1318
1319
1320
1321
1322
1944
572
1606
1336
1865
1654
2144
573
1337
1338
2276
1339
1340
2257
589
1866
1353
1605
1655
1354
590
1355
1356
2227
2115
1867
1667
606
1370
1371
1372
1941
1868
1386
1678
2070
1197
1198
1782
1664
1199
2271
1217
1218
2338
2264
1235
1236
1237
1696
1238
1594
1918
1855
1256
1257
1258
1974
1276
1277
1278
1712
1557
1794
2265
1296
1297
1595
1713
1298
1714
833
69
68
832
1630
1717
1899
87
851
2212
850
86
869
105
1629
85
1718
849
104
868
867
103
122
886
1628
866
102
1719
121
885
120
884
140
119
1627
883
1720
139
903
138
902
1796
901
137
158
922
1626
900
136
1721
921
157
156
920
155
919
2005
177
1625
154
918
1722
176
940
939
175
938
174
1772
1723
937
1624
173
1830
196
960
195
959
958
194
957
1724
1623
2077
2182
979
1844
1828
699
700
2247
701
702
703
712
713
1994
714
2172
715
716
2260
717
726
2300
2388
2341
2238
718
727
728
739
1603
1656
1810
729
730
2110
731
740
732
2064
2252
2284
741
1923
2316
1809
742
1602
1666
1835
752
743
744
753
1836
1601
1657
745
754
1700
1837
1600
1699
1838
755
1599
1598
1698
1839
756
757
1597
1697
639
653
1686
654
655
2137
656
1691
668
669
670
671
2138
1872
1693
683
1736
2280
684
685
686
2367
687
2011
2346
2206
2281
697
2047
698
2205
699
1662
2347
1704
700
711
2247
701
2328
2393
712
725
1833
2233
1672
1604
713
714
715
1850
2417
726
2256
2300
2388
2238
727
728
739
1603
1656
1834
740
741
1602
1666
752
753
1601
1657
1470
2199
2335
1483
1484
2243
1497
2211
2273
1510
1498
1840
1521
1956
1581
1703
1522
2272
1585
747
1511
759
1523
1368
2179
1369
1384
1385
2307
2279
1576
1400
1959
1401
637
1760
1415
1416
652
1563
1578
1430
667
1547
1431
1529
1444
1445
681
1446
682
1460
696
1580
722
1486
723
1487
1596
724
1488
1499
735
1537
736
1500
737
1501
1886
738
1502
1937
1512
748
749
1513
1534
750
1514
1524
760
751
1515
1558
761
1525
1561
762
1526
763
1527
1390
1391
1392
2086
1404
1405
1406
1884
1407
1824
1408
1890
1409
1419
1420
1421
1857
1422
1433
1423
2073
1434
1424
1435
2138
2380
1436
1425
1897
2399
1437
2275
1900
2280
2222
1448
1438
1439
1449
1450
2367
1451
1440
2011
1789
1452
2062
1453
1462
2125
1828
1454
2108
1463
2235
1455
1464
2100
2247
1465
1792
1466
1467
1476
1468
2048
1477
1478
2172
1479
1850
2349
1480
1481
1490
2341
2267
1482
1491
2004
1492
1810
1493
1494
2278
2110
1495
1504
1496
2064
1505
2316
1506
1507
1508
1380
1394
1395
1952
1396
1410
1397
1411
2039
2016
1412
1424
2082
1425
1413
1900
1426
1859
1439
1440
1427
1454
2108
1441
1428
1455
1579
2043
1889
2122
678
1442
1468
1456
1577
2349
2198
2224
1469
1482
1530
1545
2004
2032
1470
2199
1584
2335
1457
2278
1483
1989
1484
2243
1497
2211
1264
1265
1266
2263
2173
2336
1283
1284
1285
1286
2132
1287
1851
1302
1921
1303
2112
1304
1305
1306
1532
2120
1307
2124
1321
1322
1944
1323
1324
2192
1325
1992
1326
2017
1338
1339
1327
1340
1791
1341
2244
1342
2116
1343
1823
1344
1355
1356
1345
1357
2115
1358
1359
1360
2201
1372
1909
1361
1373
2051
1374
1807
1375
1376
1377
2118
1378
1389
2101
1390
1391
1392
1393
2086
1406
1407
1408
1091
2174
2029
1113
1112
1111
1110
2061
1955
2396
2420
2425
2154
1132
1129
1133
1130
1131
2397
2402
2160
1148
2003
1149
1957
1150
1151
1152
1154
1153
2159
1542
1999
1785
1167
1168
1169
1170
1171
1172
1174
1173
2178
1926
1812
1987
1187
1188
1858
1189
1190
1191
1192
1193
1570
2090
1995
1528
2203
1988
1208
1209
1210
1211
1212
1213
2254
1227
1228
1229
1230
1231
2354
2164
1250
955
954
953
976
975
974
973
2072
972
2103
996
995
994
993
992
1906
2290
1016
1015
1014
1013
1012
2020
1966
1037
1774
2131
1036
1035
1034
1033
1799
2031
1057
1056
1055
1054
2139
1973
1078
1077
1076
2187
2319
921
942
941
177
940
939
963
198
962
197
961
1830
196
960
959
985
984
219
983
2077
218
982
217
981
216
980
979
1874
1801
2136
1003
1002
238
1004
1005
1001
237
1000
999
1744
2302
2147
1745
2126
1021
1998
1020
1026
1022
1023
1025
1024
1019
1902
1042
2040
1041
1043
1047
1046
1044
1045
2069
2134
1063
1064
1068
1742
1065
1067
1066
2071
1084
1085
1087
1086
854
853
872
108
871
107
870
106
869
105
890
868
125
889
888
124
123
887
122
886
908
907
143
885
906
142
141
905
140
904
139
903
926
161
925
902
924
160
923
159
158
922
921
157
945
944
180
920
943
179
942
178
2005
941
177
176
940
965
200
964
199
963
198
962
197
961
1830
960
985
984
983
982
981
1874
1551
865
1566
2010
864
863
862
882
1793
881
116
880
115
879
878
899
898
134
133
897
896
132
895
917
1590
916
2081
915
150
914
913
1591
936
935
934
933
932
931
1893
1883
955
954
953
952
974
1769
771
1639
1768
770
769
1638
1767
1637
2055
768
788
787
1843
1636
767
766
1842
786
21
785
1565
805
784
20
1832
783
804
40
2283
782
39
803
1784
802
38
1814
37
801
822
800
36
57
821
2087
56
820
1804
55
819
799
2080
54
818
2156
75
839
817
53
838
74
73
837
2102
72
836
816
835
71
856
92
2215
834
70
91
855
854
90
1543
833
2406
89
853
88
852
873
87
851
872
108
2212
850
871
107
870
106
869
105
104
868
125
889
888
124
123
887
122
886
905
904
560
561
1992
562
576
577
578
2116
579
580
592
593
594
595
596
1909
597
609
1818
598
610
1807
611
612
613
624
614
625
2101
626
615
2113
2149
2105
627
628
629
2325
2086
640
630
641
642
1884
643
644
645
1903
2006
2228
655
646
656
657
658
659
660
671
672
661
2399
673
2222
674
675
687
688
689
690
2033
516
517
518
519
1671
535
536
537
538
2097
539
1790
540
2240
2153
2176
2120
554
1653
1607
555
556
557
558
1944
559
560
1990
572
1606
1654
2144
573
574
2276
575
576
1791
577
578
2116
2257
589
1866
1605
1655
590
591
592
1985
593
2227
2115
594
595
1867
1667
606
607
608
609
610
1941
611
1678
622
623
624
625
2067
626
2113
2149
627
1687
638
639
640
641
642
653
654
655
530
531
532
2183
2093
549
550
2181
551
552
1904
567
568
2170
569
570
571
585
586
2036
587
588
602
603
1943
604
605
619
620
621
635
636
2060
467
468
469
470
2190
487
488
489
490
491
2262
1978
506
2241
507
508
1951
509
510
511
512
1954
1816
1755
526
527
528
2274
529
530
2013
531
2183
546
547
548
549
550
2181
551
1904
565
566
567
568
2170
569
584
585
586
2034
406
407
408
409
1882
425
426
427
428
430
429
2303
445
446
2327
447
2226
448
449
450
1813
1798
2060
463
464
465
466
467
468
469
1908
2239
1979
484
2190
485
486
487
488
489
490
2204
2262
505
506
2241
507
508
1951
509
525
526
527
528
2274
546
547
1806
392
391
393
1981
411
412
410
413
414
1880
1758
1953
431
432
430
429
433
2303
434
2369
2287
449
452
450
451
453
1798
2000
454
468
469
471
470
472
473
2190
1918
489
490
491
492
493
2334
1978
510
511
512
2104
362
363
361
360
359
383
2068
382
384
381
380
379
2169
2001
401
403
402
400
404
398
399
2002
2253
1822
2057
1911
421
422
420
419
418
423
424
2121
1910
441
442
440
438
439
2078
443
444
2259
2236
1949
457
458
460
459
461
462
463
1854
2091
1947
1983
479
478
480
481
482
483
1885
2056
2142
1965
499
500
501
502
503
2311
520
521
522
332
331
330
329
2074
328
1847
352
351
1766
350
349
348
1896
1887
1934
372
368
370
369
371
1849
1817
1806
392
388
390
389
391
2127
1981
411
408
412
410
409
1880
1882
428
431
432
430
429
2303
2369
448
449
450
451
1798
286
285
284
308
307
306
305
304
1802
329
2074
328
327
326
324
325
1821
1805
349
348
347
344
345
346
2022
1934
1912
364
368
365
369
366
367
1849
2261
384
385
386
387
388
389
2034
405
406
407
408
426
261
260
284
279
283
282
280
281
1533
2076
1962
306
305
299
300
304
301
303
302
1922
1945
326
324
325
319
320
321
323
322
1821
1743
1805
344
345
346
339
340
341
342
343
1797
2141
2104
364
362
363
365
361
360
359
366
1845
383
2068
382
384
381
385
380
379
401
403
402
400
404
421
422
273
1754
272
2186
1753
294
293
1913
1752
315
314
1961
2117
335
1751
334
333
2114
355
1750
354
1915
1783
374
1749
375
394
1748
395
214
213
1692
235
234
1690
233
1621
2166
256
255
1976
254
1685
1620
253
278
1756
277
276
275
1619
274
1677
1964
2386
299
298
297
296
1738
1669
1618
295
1950
1827
1852
319
318
317
316
2342
2301
2251
2177
1873
339
338
337
336
1735
1877
1705
1617
1536
1846
2135
359
358
357
1734
1875
1616
356
1706
2258
1876
1709
1733
376
378
377
227
224
225
226
248
247
246
245
244
243
1940
2041
269
268
267
266
2099
265
264
263
2229
290
289
288
287
286
1819
2163
285
310
311
309
308
307
306
1802
331
330
329
1761
2074
328
327
1847
350
349
348
1934
368
101
100
118
117
116
135
134
133
153
1590
152
2081
151
150
2028
172
1591
171
170
169
1893
1592
2027
192
191
190
2107
1773
2365
2026
46
2098
2214
64
2145
1939
1916
63
1546
62
61
82
845
81
1757
844
80
1566
2298
2010
843
79
99
78
862
98
1815
861
97
1793
96
860
116
880
2053
95
115
879
114
878
877
113
134
112
133
897
896
132
1795
131
895
130
894
151
129
150
914
149
913
2152
912
148
147
168
167
166
2161
8
1641
2202
1650
7
1651
1769
1640
2158
771
1652
1639
1768
6
770
5
769
1638
1767
25
1637
4
2055
768
24
2191
787
23
3
1843
1636
1635
2
1842
22
786
1
42
21
785
41
20
1832
19
804
40
2283
39
803
1784
802
38
37
58
36
57
56
1804
55
2080
54
2156
53
74
73
72
