CLUSTEROFFSETS 116
35
68
132
215
236
310
349
417
493
516
593
648
712
770
821
856
905
955
1042
1088
1143
1219
1310
1357
1424
1471
1525
1552
1573
1628
1679
1733
1811
1838
1872
1910
1940
1975
2047
2080
2142
2207
2243
2274
2305
2351
2434
2460
2498
2532
2587
2637
2673
2740
2773
2852
2916
2974
3048
3102
3135
3197
3250
3283
3347
3426
3483
3532
3560
3608
3643
3664
3708
3725
3771
3801
3825
3839
3904
3933
3973
4037
4071
4122
4167
4200
4242
4259
4308
4347
4365
4420
4452
4474
4501
4538
4553
4590
4605
4637
4686
4736
4754
4791
4829
4859
4918
4946
4984
5023
5048
5084
5110
5134
5212
5246
CLUSTEINDICES 5246
1819
2065
1802
329
1093
1761
2074
1092
328
2174
1803
1847
1766
349
1113
2427
1112
2061
2130
1934
1912
2310
2420
2425
2154
1132
369
1133
1849
1817
2402
1825
2003
2159
1785
1296
1297
2093
2390
1315
1991
1316
1555
1714
1317
2421
1333
1334
1552
2415
1335
2322
2422
2426
1351
1352
2381
1582
2195
2418
1943
1368
2179
1369
2094
1385
2279
1576
1872
1693
1447
2332
1448
1449
2367
2011
2346
2206
1661
2281
1461
2047
1462
2391
2205
1463
2347
1704
1464
1583
2100
1475
2328
2393
712
1476
1489
2372
1833
2233
1604
1477
1478
1479
1850
2417
1490
2256
2300
2379
2341
2238
1491
1492
1503
1603
2424
1656
1834
1493
2110
1504
1505
1506
1602
1835
1516
1836
1517
1601
1518
1837
1843
1636
767
1635
2
766
1842
765
1841
1
1634
2385
0
2189
1701
1633
764
784
20
19
783
2283
18
782
17
781
1572
2387
1814
37
801
1737
1982
800
36
2333
1804
799
35
2416
2080
54
818
2423
798
1632
34
1715
817
53
2102
52
816
835
71
2215
51
1716
1631
815
834
70
1543
833
69
2406
68
832
1630
1717
88
852
1899
87
851
2212
850
86
1629
1718
849
868
867
2027
192
191
1773
212
2365
1593
2026
211
2419
2378
1564
232
231
2304
1906
252
2045
273
1754
2360
1682
778
1559
1670
777
1556
1702
776
2412
1549
1648
12
2413
11
775
1644
1646
795
774
1643
1647
10
2009
794
30
2209
2223
29
793
2246
28
792
2329
2037
2414
791
27
1550
47
811
810
46
2330
45
809
2098
2066
2285
808
44
1544
828
64
1939
2014
43
807
63
827
826
62
825
61
60
824
1757
844
80
1762
843
79
842
78
1815
1777
1099
1683
1098
2410
1778
1119
1673
1118
2106
2312
2409
2133
1137
1138
1779
1139
2286
1674
1574
1948
2411
1157
1158
1675
1159
1780
2007
2146
1177
1178
1660
1179
1781
2070
1198
1782
1199
2271
2340
1164
1162
1163
2057
1185
1184
1181
1183
1182
1894
2121
1925
1910
1201
1205
1206
1204
1202
1203
2078
2321
2353
2236
1220
1221
1222
1224
1223
1225
1854
2242
2408
2323
1947
1983
1241
1243
1242
1244
1245
1246
2015
1885
2024
2056
1901
1261
1262
1263
1264
1265
1266
2119
2263
2277
2173
1281
1282
1283
1284
1285
2132
1851
1302
1303
1304
2120
774
2009
2209
2223
1649
1642
773
1763
791
2161
1641
2202
772
1650
790
26
1651
1769
1640
2158
771
2066
1652
1639
1768
770
769
1638
1767
25
789
2407
788
24
43
807
2191
787
23
1554
1917
786
806
42
1565
2234
41
805
60
824
1832
804
40
1762
803
1784
823
59
2075
58
822
57
821
841
2087
56
820
840
76
2156
75
839
838
74
857
856
1758
2369
2157
1787
1798
2000
2338
1963
2264
1235
1234
2190
2405
1255
2334
1811
1978
2241
1974
1954
1816
1755
1794
155
1625
176
175
938
174
1772
1723
1624
173
1830
196
195
959
958
194
957
1724
1623
1694
193
2077
217
216
980
2182
979
215
1844
978
214
1725
213
1692
977
1622
2404
237
1000
236
999
235
234
998
1726
1690
233
997
1621
1744
2302
1745
2126
2291
2166
257
1020
256
255
1019
1976
254
1018
1685
1620
1727
278
1756
1041
277
1040
276
275
1619
1964
2069
2386
2165
2245
1271
1951
1888
1290
1291
1292
2274
1293
2374
2269
2013
2219
1309
1310
546
2225
2042
1311
547
1312
1313
2046
2181
1328
564
2403
1329
565
566
1330
1331
2079
1332
2217
2326
2221
2170
1571
2398
2109
1346
583
1347
1348
584
1349
2368
2096
1993
2036
2123
1364
1365
1018
1017
1620
1727
1756
1040
1039
1038
1619
1728
1964
1062
1061
1060
1729
1059
1669
1618
2282
1950
1827
1852
2213
2392
1082
1081
1080
2342
2301
1573
1848
2370
2401
1102
1101
1100
2357
1877
1705
1972
1617
2364
2376
2084
1846
1122
1121
1120
1971
1875
1616
1706
2258
1970
1140
1615
1876
1142
1141
1895
1614
1969
1160
1161
644
645
1903
2228
646
658
659
660
672
661
1897
2399
673
1900
2222
674
2373
1859
675
686
687
676
1789
688
2062
689
1828
690
2108
2400
2235
691
700
701
1792
702
703
2122
704
1994
2172
715
2349
716
2260
717
705
718
2004
1810
2128
730
719
731
732
2252
1923
1809
1072
1071
1093
1092
1091
1090
2174
2029
1114
1113
1112
1111
1110
2061
2396
2420
2425
2154
1132
1134
1133
1130
1131
2397
2194
2402
2345
2160
1825
2003
1149
1150
1151
1152
1154
1153
2159
1542
1999
1785
1169
1170
1171
1172
1173
2178
1812
1987
1190
1191
1192
2366
270
269
268
1799
292
291
290
289
1958
1913
2163
313
312
310
311
309
2395
1829
333
332
331
330
2114
1847
353
352
351
1766
350
1896
1887
373
372
371
1935
971
970
969
967
968
2188
1942
2297
2309
992
2012
1770
991
2023
988
989
990
987
1800
2162
1012
1011
1010
1009
1008
1786
1007
1940
2394
2131
1032
1031
1030
2044
2099
1029
1028
2270
2255
1053
1052
1051
1050
1819
2083
1073
1072
2065
2226
1949
463
464
2091
465
2058
2354
1908
2164
483
484
485
486
2207
2171
2204
503
504
2377
2245
505
506
507
2288
1951
2389
2025
523
524
2151
2035
525
526
1986
2274
543
2374
2269
544
545
2192
546
1853
2042
2305
2168
563
564
1960
670
671
2138
2280
684
685
686
687
2011
1789
688
2281
697
698
2125
1828
699
2235
1704
700
2100
711
2247
701
702
2328
703
712
2048
1604
1477
713
1994
714
1478
2172
1479
715
1850
716
717
726
2300
2388
2341
2267
2238
727
1491
728
1492
739
1603
1656
1834
1810
1493
729
730
2110
731
740
2064
2252
2284
741
1505
2316
1809
742
1602
1666
1835
752
743
753
1836
1601
1657
754
1700
1837
1600
1699
1838
1599
1598
131
895
914
149
913
2152
912
148
147
911
933
932
167
931
166
930
929
165
1883
2384
1771
953
952
951
186
950
949
185
948
2063
973
972
971
970
2103
969
2143
2188
1942
993
2309
992
1770
991
990
1800
2148
1055
1054
1053
1052
1973
2083
1077
1076
1074
1075
1073
2320
2065
1829
2019
2319
1097
1096
1095
1094
1093
1568
2318
2383
2248
1996
1803
1117
1116
1115
1766
1114
1113
2106
2061
2130
1540
2355
2310
1137
1136
1134
1569
1133
1135
1892
2194
2345
1825
2003
1156
1154
1155
1997
2376
1121
1120
1971
1616
2258
1933
1970
1140
1615
1876
1142
1141
1895
1975
1614
1707
1878
1969
1160
1161
1162
1163
2358
2210
1613
1968
1180
1879
1710
1181
1183
1182
1764
2359
1894
2382
1925
1200
1967
1708
2293
1612
2343
1201
1202
1203
2321
2353
1575
2356
2344
1219
1220
1221
2295
1222
2331
2242
1861
1239
1611
2180
1240
1241
1243
1242
2015
2024
1860
1259
1610
1260
1261
1262
2085
1868
1386
1387
1388
1389
2067
1402
1869
1687
2314
1403
1404
1405
1406
1824
653
1870
1417
1686
1890
654
1418
1419
2137
1420
1421
1857
1691
1871
1432
668
669
1433
2073
670
1434
1435
2138
2380
1436
2275
1872
1693
683
1736
1447
2332
2280
684
1448
1449
1450
2367
1451
2011
2346
2206
1661
2281
697
1461
2047
698
1462
2125
2391
2205
1463
2347
1704
1464
1583
2100
1475
2247
1465
2328
2393
1476
1489
2372
1833
2233
1477
1478
1850
2417
1490
2256
2379
1491
1006
2339
1028
2184
1027
1998
1026
1025
2255
1050
1049
1048
1047
1046
1984
2076
1914
1071
1070
1069
1068
1067
2375
1761
2049
1091
1090
1088
1089
1087
2174
2029
1820
1898
1111
1108
1109
1110
2018
1955
1128
2154
1129
1130
1131
2160
1957
1927
797
796
795
814
1586
1929
2089
813
1924
2246
812
1567
2208
1930
1587
831
811
2350
66
830
2352
2200
829
65
2214
828
64
2145
1939
848
1931
1588
1916
827
1531
1546
83
847
2371
846
82
845
81
1551
844
1589
1932
865
1566
2298
2010
100
864
863
99
862
98
861
882
1793
881
117
116
880
879
898
1805
2022
1912
2154
365
366
1845
2261
383
384
385
1957
386
387
2034
1977
1999
1785
403
402
404
405
406
407
2363
2002
1822
1812
422
1882
423
424
1858
425
426
427
1831
443
444
445
446
2327
2226
1949
462
463
464
2244
1823
1344
1345
1359
1360
2201
1361
1826
2051
1362
1807
1375
1376
1377
1378
2101
1379
2105
1391
2197
1392
2167
1393
2325
2086
2362
1394
630
1395
1884
1407
1952
1919
1408
1409
1903
2228
1410
1422
1411
2016
1423
1424
1425
1897
1900
2222
1438
2373
1859
1439
1440
2062
1590
2081
2028
1591
936
935
934
1893
956
1592
2027
955
954
2107
1773
2361
1593
2026
976
975
974
2072
2378
996
995
1906
2020
434
1747
435
2287
454
2313
472
473
1659
474
2351
1918
493
494
2250
1562
513
1645
2092
514
534
2062
1454
2108
2235
1455
1792
1467
1468
2048
2349
1480
2260
1481
1469
2267
1482
2004
1810
1493
2128
1494
2335
2278
1483
1495
1989
1496
2064
2252
1484
2237
1923
2316
2243
2348
1507
1497
1508
2306
1509
1838
1519
1599
2273
1510
1598
1839
1520
1840
1597
1521
1956
1581
2150
2272
2203
1210
1211
1212
1213
2254
1813
1228
1963
1229
1230
1231
1232
2354
1908
2164
2317
1979
1249
2315
1250
1251
1252
1253
1254
2204
1538
2337
2165
2245
1269
1270
1271
1272
1951
1273
2025
1888
1289
1290
1291
1292
2274
1293
2374
2219
1309
1310
2042
1311
1312
1206
1207
2111
1224
1225
1226
1227
2323
2058
2059
1244
1245
1246
1247
1885
1248
1965
1264
2207
1265
2171
1266
1267
1268
2263
2377
2173
2336
2288
1284
1285
1286
1287
1851
1288
2151
2035
1921
2112
1304
1305
1986
1306
1532
1307
2124
1308
1324
2192
1325
1326
2017
2244
1343
417
418
1764
436
1708
1730
2293
1910
437
438
439
2321
1881
455
456
457
2295
458
459
1854
1983
1688
475
1739
2180
476
2095
477
479
478
480
2015
2021
1553
2024
2056
495
1679
1740
1610
1901
496
2324
497
498
499
500
2033
2277
1609
1668
515
1741
516
2311
517
2140
518
519
520
1671
535
536
537
538
2097
539
1790
540
2240
2153
554
1653
555
556
557
558
574
662
663
677
2043
1889
2122
678
692
2224
705
1530
2032
706
2308
1548
2128
2335
693
719
1989
1541
720
2237
2306
2273
1535
734
1351
1352
2381
2195
1367
2418
1943
604
1368
2179
1369
2094
1383
1980
1384
620
621
1385
2307
2279
1576
1399
1400
636
1959
1401
637
1760
651
1415
1416
652
1563
1578
1817
390
389
391
2127
411
408
412
410
409
1880
1882
428
431
432
430
429
2303
2369
447
448
449
452
450
451
1813
1798
2060
1963
466
467
468
469
470
2190
488
489
490
1446
1460
696
1580
709
1473
710
1474
2299
722
1486
723
1487
1596
724
1488
1537
736
1500
737
1501
1886
738
1502
1937
749
1513
750
1514
1515
168
189
2107
188
187
186
210
209
208
207
206
2103
2143
2296
230
229
2309
228
2012
227
226
2290
2050
1907
250
249
248
247
246
1940
2366
2041
269
268
267
2134
1063
1064
1065
1066
2071
1083
1084
1085
1082
1087
1086
2218
1848
1898
2220
1873
1108
1103
1104
1105
1106
1107
1102
1797
2018
2141
1938
1808
2249
2084
2135
1128
1126
1127
1125
1124
1123
1122
2294
1856
1933
1147
2068
2088
1146
1145
1144
1143
1142
2054
2169
1895
2340
2001
1165
1166
1164
1162
1163
2253
1822
2057
1185
1186
1184
1183
1182
1925
1205
1204
2078
1428
1429
1442
1577
2224
1443
679
1545
680
1444
2032
1548
1584
693
1457
1539
1541
694
1458
1459
695
2292
707
1471
2211
708
1472
709
1473
721
1485
722
1486
1127
1856
1147
1146
1148
1145
1149
1957
2054
2001
1165
1167
1166
1164
1168
1169
2002
2253
1822
1926
2057
1185
1186
1184
1187
1188
1858
1189
2121
2289
1831
1570
2090
1995
1528
1205
1206
1204
2078
1207
1208
1209
2259
2236
1949
2111
1224
1223
1225
1226
1227
2091
2323
2058
2059
1245
1246
1247
1885
1248
2171
1266
2033
1668
515
1741
516
517
2140
518
1608
1671
535
536
537
538
2097
539
1790
2008
2240
2153
554
1864
1653
1607
555
556
557
558
1944
1990
572
1606
1865
1654
2144
573
574
2276
575
576
2257
589
1866
1605
1655
590
591
592
1985
593
2227
2115
1867
1667
606
607
608
609
1941
1678
622
623
624
2067
638
2368
2096
1993
599
600
601
2197
616
617
618
1765
631
1952
1919
632
1396
1397
633
647
2039
634
2268
1412
648
2082
649
1413
1788
650
662
1859
663
677
664
1889
678
2045
2020
1774
1689
1754
1036
2360
1799
2031
2186
1775
1753
1058
1680
1057
2139
2266
1913
1681
1752
1776
1079
1078
1961
2117
1891
2187
1777
1683
1751
1673
1855
1257
1258
1974
1276
1954
1277
1645
1278
1712
1557
1794
2265
2216
1296
1297
1595
1713
1298
1658
2093
2390
1316
1555
1665
1714
1317
2421
1552
2415
2322
2327
447
448
449
1813
1798
2060
465
466
467
468
469
2239
1979
2190
486
487
488
489
490
2204
2262
2165
2245
505
506
2241
507
508
1951
509
510
1888
1816
525
1755
526
527
528
2274
529
2013
546
547
548
549
256
255
1976
254
278
1756
277
276
275
274
1677
1964
2069
2386
299
300
298
297
296
1738
1669
1618
295
2282
1950
2071
1827
1945
1852
319
320
318
317
316
2342
2301
1848
2251
2370
2177
1873
339
340
338
337
336
1735
1877
1705
1972
1617
2141
1536
1808
2249
2084
1846
2135
360
359
358
357
1734
1875
1616
356
1706
2258
1933
2088
1615
1876
1709
1733
376
379
378
377
2169
1895
1975
397
398
1928
2232
780
1676
16
1695
2193
1560
15
1684
33
1927
2230
1663
32
50
2231
1586
1929
2089
49
1924
2208
67
1587
66
2012
227
225
226
1907
248
247
246
245
244
1940
2041
269
268
267
266
2044
2099
265
2270
2148
2229
290
289
288
287
286
1819
2163
2083
310
311
309
308
330
329
2074
1847
1426
1427
2108
1441
1579
2043
1889
1442
1456
1577
2198
2224
1469
1545
2004
2032
1470
2199
1584
2335
693
1457
2278
1483
1989
1539
1484
2243
1497
1471
2211
2273
1510
1498
1947
480
481
482
483
1885
2142
1965
499
500
501
502
503
2277
2173
2311
519
2288
520
521
522
523
1851
524
1921
2196
2097
539
540
541
1986
542
2176
543
2124
558
559
560
561
1992
1990
562
2017
2168
576
1791
577
578
2116
579
1823
580
594
595
596
182
181
945
944
180
179
1905
1935
203
202
966
201
965
200
964
199
963
2297
2023
987
223
986
222
985
221
220
984
219
983
2185
1008
1801
1786
1007
243
2136
240
1004
242
1006
241
1005
2339
1028
2184
1027
1998
1026
2255
1984
2190
490
491
2334
1978
2241
509
510
511
512
1954
1816
1755
1794
528
529
530
2013
531
2216
532
2183
548
2093
549
550
2181
551
1991
552
1904
568
569
570
586
587
1917
806
2234
60
824
1762
1784
823
59
2075
842
78
58
822
77
841
2087
1815
840
76
75
839
838
74
859
95
858
94
857
93
856
92
2175
91
855
877
112
876
111
875
874
110
1795
873
109
872
108
894
129
893
892
128
127
891
890
126
125
1920
1759
146
910
909
145
144
908
907
143
2106
2355
1137
1136
1892
1948
1156
1157
1158
1997
2129
2146
1175
1176
1177
1178
2155
1758
2070
1195
1196
1197
1198
1787
2271
1216
1215
1217
1218
2338
2264
1235
1236
1791
2116
590
591
592
1985
593
2227
2115
594
1667
606
607
608
1909
609
1373
610
1374
1941
611
1868
1678
622
623
1388
624
2118
625
1389
2067
626
1390
2113
2149
627
628
1869
1687
638
2314
639
1403
2086
1404
640
641
1405
1406
642
1884
643
1824
653
1870
1686
1890
654
1903
2006
655
1419
2137
1420
656
657
1857
658
1691
668
669
2073
670
671
2138
672
2275
2280
685
963
198
962
197
961
1830
984
219
983
218
982
217
981
980
1874
1801
2136
1003
239
1002
238
240
1004
1005
1001
237
1000
1744
2302
2147
1745
2184
1021
1998
1020
1026
1022
1023
1025
1024
1902
2038
1042
2040
1043
1047
1946
1046
1044
1045
2069
1984
2134
1064
1068
1742
1065
1067
1066
2049
1085
1087
1086
2218
282
280
281
1533
1962
300
304
1742
301
303
302
1922
1945
324
325
320
321
323
322
1821
1743
1805
344
345
340
341
342
343
1797
2141
2104
364
362
363
365
361
360
1845
1856
383
2068
382
384
381
385
380
2001
1977
401
403
402
400
404
2002
2253
421
422
423
1769
1640
2158
771
1652
1639
1768
6
770
5
769
1638
1767
1637
4
2055
768
788
787
23
3
1843
1636
767
1635
2
766
1842
22
786
765
1841
1
1634
21
785
2385
784
20
1832
19
783
804
40
2283
18
782
39
803
2387
802
38
1814
37
801
800
36
821
56
820
1804
55
819
2080
54
818
2156
817
53
72
836
835
71
2215
2330
2098
2285
1544
828
1939
2014
63
827
826
62
825
61
845
81
1757
844
80
1762
1566
2298
843
79
842
78
862
98
1815
861
97
1793
96
860
2053
859
95
115
879
114
878
877
113
112
876
896
132
1795
131
895
130
894
913
2152
912
333
2114
354
353
352
1915
1896
1887
1783
2133
373
372
374
371
1892
2052
1806
392
391
393
394
2007
1981
2030
412
413
414
1880
1758
1953
432
433
2369
104
103
122
886
121
885
120
884
140
904
1627
1720
139
903
138
902
1796
901
137
158
922
1626
900
1721
921
157
156
920
155
919
178
2005
941
177
1625
918
1722
176
940
939
175
938
174
1772
1723
197
961
1830
196
960
195
959
958
194
2077
217
981
216
980
979
1844
1874
2160
1149
1957
1150
1151
2159
1999
1785
1168
1169
1170
1171
1172
1926
1812
1187
1188
1858
1189
1190
1191
1192
1831
1570
2090
1995
1528
2203
1988
1207
1208
1209
1210
2327
1211
2226
1949
2111
1212
1226
1227
1228
1229
2058
1230
2354
1908
2164
1979
1248
1249
1250
2377
2072
2103
995
994
993
2309
2290
2050
1015
1907
1014
1013
1012
2020
1966
2131
1036
1035
1034
1033
2044
1799
2031
2148
1057
1056
1055
1054
1973
1077
1076
2320
1829
111
875
110
1795
894
129
893
892
128
127
891
890
126
1920
2152
1759
147
911
146
910
909
145
144
908
907
143
930
929
165
164
928
1936
163
927
926
162
161
925
1771
949
948
184
947
183
182
946
181
945
944
180
1905
1935
969
967
203
204
968
202
966
201
965
2297
2023
987
2177
1873
339
338
2141
1536
1846
2135
360
359
358
357
2258
1933
2088
381
380
1876
1709
1733
379
378
377
2169
1895
1975
2340
2001
401
400
1614
1732
396
1707
1878
397
398
399
2253
2057
2358
2210
1911
1879
1710
1731
421
420
417
419
418
1764
1894
2121
1925
1708
1730
2293
1910
437
441
440
438
439
2321
2236
1881
456
457
2295
458
459
1854
1947
1983
2095
479
478
2056
2344
2331
1861
1239
1611
2180
1240
1241
2015
1679
1860
1259
1610
1260
1261
1262
2085
2119
1609
1668
1279
1862
1280
1281
2140
1282
2132
1608
1671
1299
1863
1300
1301
1302
1790
2008
2240
1864
1653
1607
1318
1319
1320
1321
1944
1606
1336
1865
1654
2144
1337
1338
2257
1866
1353
1605
1354
560
561
1992
562
2168
1791
577
2244
578
2116
579
1823
580
581
593
594
595
596
1909
597
1826
2051
1818
598
610
1807
611
612
613
614
2101
626
2113
2105
627
628
629
2325
2086
630
642
1884
643
644
645
1903
2006
2228
646
1753
1681
1752
315
1961
2117
335
1683
1751
334
2114
355
1750
1673
354
1915
1783
2133
374
1749
375
1674
1748
1675
395
2007
2030
1746
51
1716
1631
815
833
69
68
832
1630
1717
1899
850
86
1629
85
1718
849
104
868
867
103
1628
866
102
1719
121
885
120
884
119
1627
883
1720
138
902
1796
901
137
1626
900
136
1721
920
155
919
1625
918
1722
1695
1560
15
1684
1682
14
1559
1711
32
1670
13
1556
1702
1549
1648
12
11
1646
31
30
49
1924
29
2246
28
2037
48
1550
47
46
45
65
64
63
1546
2335
1989
2237
2243
2306
2273
1510
1535
1498
734
1840
1597
1697
1956
1581
2150
758
1703
1522
2272
1585
1994
2172
715
716
2260
717
718
728
1810
729
2128
730
719
731
732
2252
2284
741
1923
1809
742
743
733
744
2306
745
754
1700
1600
1699
1838
755
1599
746
1598
1698
1839
756
757
1840
1597
1697
1956
2150
1781
1198
1782
1664
1199
2271
1218
1237
1696
1238
1594
1855
1258
1278
1712
1557
1713
668
669
1693
683
1736
2280
684
685
2206
2281
697
2047
698
2205
699
1662
2347
1704
700
711
2328
712
725
1833
2233
1672
1604
713
714
1850
726
2256
2300
2238
727
728
739
1603
1656
1834
740
1602
1666
752
1601
1657
1499
735
1537
736
1500
737
1501
1886
738
1502
1937
1512
748
749
1513
1534
750
1514
1524
760
751
1515
1558
761
1525
1561
762
1526
763
1527
1400
1959
1401
637
1760
1416
652
1563
1578
1430
666
667
1547
1431
1529
680
1445
681
1446
682
695
1460
696
1580
721
1485
1499
735
747
1511
1886
1512
748
759
1523
1534
1524
760
1420
1421
1422
1423
2073
1434
1424
1435
1436
1897
1437
2275
1438
1439
1449
1450
1451
2011
1789
1452
2062
1453
1462
2125
1454
1463
2235
1455
1464
2100
2247
1465
1466
1467
1476
1468
2048
1477
1478
1479
1850
2349
1480
1481
2341
2267
1482
1491
1492
1810
1493
1494
2278
2110
1495
1504
1496
2064
1505
2316
1506
1507
1508
1518
1519
1366
1381
1382
1765
1383
1980
1384
1397
1398
1399
1412
2082
1400
1413
1788
1414
1760
1415
1427
664
1428
1429
1430
1442
1577
2224
1443
1444
1539
1328
1329
2079
1345
2326
2398
1346
2201
1347
1348
1362
1993
2123
1363
1364
1365
1378
1379
2197
2167
1380
1381
1394
1382
1765
1395
1952
1919
1396
1410
1397
1411
2039
1398
2016
1412
2082
1413
1426
1427
1302
1319
1320
1321
1322
1944
1323
1606
1336
1865
2144
1337
1338
1339
1340
1341
2257
1866
1353
1605
1354
1355
1356
1985
1357
2227
2115
1358
1867
1667
1370
1371
1372
1909
1373
1374
1941
1375
1868
1386
1678
1387
1388
2118
1389
2067
1390
1391
1402
1869
1687
2314
1403
1404
1405
1406
1824
1870
1417
1890
1418
1419
1420
1857
1293
1294
2225
1312
1313
1314
2046
1315
1991
1330
1331
1332
2221
1571
2398
1333
2109
1334
1348
1349
1350
2036
2123
1351
1365
1366
1367
1943
1368
1382
1383
1980
1384
1399
2263
2173
1284
1285
1286
1851
1921
1303
2112
1304
1305
1306
2120
1307
2124
1321
1322
1323
1324
1325
1326
2017
1339
1340
1791
1341
2244
1342
1343
1823
1344
1356
1357
2115
1358
1359
1360
1909
1361
1373
2051
1374
1807
1375
1376
1377
2101
1390
1391
1392
1393
1267
1268
2377
1269
2025
1287
1288
2151
2035
1289
2112
1290
1306
1532
1307
2374
1308
1309
2192
1310
1325
1853
2305
1326
1327
2244
1328
1343
1329
1344
2079
1345
2326
1346
1360
2201
1347
1361
1826
2051
1362
1363
1378
1379
2167
1235
1234
1254
1255
1256
1257
1811
1974
1273
1274
1275
1276
1277
1794
1293
1294
1295
1296
1297
2225
1313
1314
2390
1315
1991
1316
2421
1332
1333
2109
1334
2422
1351
1175
1174
1192
1195
1196
1194
1193
2157
1787
1212
1213
1216
1214
1215
2254
2338
1963
1230
1231
1232
1233
1235
1234
2317
1979
2315
1251
1252
1253
1254
1255
1256
1538
2165
1811
1272
1273
1274
1275
1888
1293
1294
996
1906
1016
2020
1037
1774
1689
1036
1775
1058
1680
1057
2139
1776
1079
1078
1099
889
888
908
907
143
906
142
141
905
140
904
926
161
925
924
160
923
159
158
922
946
181
945
944
180
943
179
942
178
1905
941
966
201
965
200
964
199
963
198
962
961
986
985
984
983
982
1801
1004
1005
883
1720
1796
901
1626
900
1721
920
919
1625
918
1722
939
938
1772
1723
937
1624
959
958
957
1724
1623
2077
2182
979
1844
978
1725
977
1622
999
998
1726
997
1621
2291
1018
1017
882
881
899
898
897
917
1590
916
2081
915
1591
936
935
934
1893
956
955
954
837
72
836
835
71
2215
834
855
854
90
1543
2406
89
853
88
852
87
851
872
2212
871
107
870
106
869
105
104
868
125
889
888
124
123
887
122
886
121
885
906
142
141
905
140
904
139
903
902
924
923
159
158
922
921
942
941
1928
780
1676
2193
779
1684
1927
797
1663
1682
778
796
1670
777
795
814
1929
2089
794
813
1924
2246
2329
812
1567
811
2350
830
829
2214
828
1531
634
635
636
649
1788
650
1760
651
652
664
1429
665
666
678
2224
679
680
681
693
1541
694
695
568
2170
584
585
586
2096
2036
587
601
602
603
1943
617
604
618
1765
619
1980
620
633
634
635
636
649
1788
650
651
563
564
1960
580
581
582
596
583
597
1826
2368
598
1993
599
613
600
614
615
2105
2197
629
616
2325
617
630
631
1919
645
632
2228
646
647
2039
648
660
661
662
570
1552
571
588
2381
2195
604
2179
605
2094
620
621
2279
1959
637
2241
507
508
509
1816
526
527
528
2274
529
530
2013
546
547
548
549
550
2181
564
1904
565
566
567
568
2217
2170
569
583
584
585
586
2096
600
601
602
603
618
1562
513
1645
2092
514
2216
532
533
534
1658
552
1665
553
570
571
432
433
2369
2287
452
451
453
2000
469
471
470
472
473
2190
1918
490
491
492
493
494
2334
1978
510
511
512
1954
513
530
531
532
533
551
401
403
402
400
404
2002
2253
421
422
420
423
424
2121
441
442
440
439
2078
443
444
2259
1949
458
460
459
461
462
463
2091
1947
1983
480
481
482
483
1885
484
2142
1965
500
501
502
503
504
2311
2288
521
522
523
336
1735
357
1734
356
1706
1876
1709
1733
376
378
377
1975
1732
396
1707
1878
397
398
2210
1613
1879
1710
1731
416
417
418
1764
436
1708
1730
2293
437
438
2321
1881
455
456
457
2295
1688
475
1739
476
2095
477
2021
1553
495
496
355
374
1749
375
394
1748
395
2030
414
415
1746
434
1747
435
2287
454
2313
474
329
328
350
349
348
347
2022
1934
1912
368
370
369
366
367
1849
2261
386
387
388
390
389
2034
2127
1785
406
407
408
410
409
1882
426
427
428
430
429
447
448
285
284
283
307
306
305
304
1802
327
326
324
325
1821
1805
348
347
344
345
346
343
2022
1912
364
363
368
365
366
367
2261
383
384
385
386
387
404
405
406
407
252
251
2366
273
272
271
2186
1753
294
293
292
291
1958
1913
1752
315
314
313
312
2117
335
1751
334
333
2114
355
354
353
1915
374
217
216
239
238
240
237
236
235
1744
257
256
258
259
261
260
255
1976
1902
2038
278
2040
277
279
1946
276
282
280
281
2069
1533
2386
1962
299
300
298
297
1742
301
303
302
1922
1945
319
320
321
318
323
322
1743
2177
1873
339
340
341
342
338
1797
2141
1536
224
225
223
222
246
245
244
1786
243
242
241
266
2099
265
264
2184
263
262
287
286
285
284
2076
308
307
306
1802
327
194
1694
193
2182
214
213
1692
1622
235
234
1690
233
1621
2166
255
254
1685
1620
253
277
276
275
1619
274
1677
1964
298
297
296
1738
1669
1618
295
1852
317
316
336
1735
147
167
166
165
164
1771
187
186
185
184
183
182
2063
1935
208
207
206
205
203
2143
204
202
1942
2309
228
2012
1770
227
2023
224
225
226
223
247
246
245
244
1940
266
153
152
151
2028
172
171
170
169
2027
192
191
190
189
2107
1773
188
212
2365
211
210
209
2378
232
231
230
1628
102
120
119
1627
1720
1796
137
1626
136
1721
156
155
1625
154
1722
175
174
1772
1723
1624
173
195
194
1724
1623
1694
193
2182
215
1844
214
213
1692
1622
234
117
116
115
114
135
134
133
132
131
152
2081
151
150
149
148
171
170
169
168
167
1893
1883
189
2107
188
187
67
1587
66
1931
84
1588
83
82
1589
1932
101
2010
100
99
118
117
116
135
134
133
153
1590
152
151
1640
1652
1639
1768
1638
1767
1637
24
2191
787
23
22
786
21
41
805
20
1832
804
40
2283
39
803
1784
802
38
37
58
822
57
821
2087
56
820
1804
55
819
2080
76
54
818
2156
75
839
53
838
74
73
837
72
836
835
71
856
92
2215
70
91
855
854
90
1543
2406
89
853
88
109
872
108
2212
871
107
870
106
105
125
124
123
11
1646
1643
1647
10
2209
28
1649
1642
1763
9
27
2161
8
1641
2202
1650
26
7
1651
1640
2158
2066
25
44
24
43
2191
1917
42
61
41
60
59
