PARTICLES 2428
-0.029967 0.017177 0.089712
-0.030189 0.01575 0.090449
-0.030394 0.014242 0.091083
-0.03083 0.012771 0.092174
-0.031285 0.01132 0.093261
-0.031465 0.0098011 0.093983
-0.031666 0.0083676 0.094636
-0.032259 0.0068559 0.095968
-0.032861 0.0053189 0.097882
-0.03378 0.0036445 0.10009
-0.034302 0.0020044 0.10126
-0.034441 0.00032142 0.10174
-0.034788 -0.0012432 0.1025
-0.035356 -0.0029691 0.10363
-0.036151 -0.0047604 0.10542
-0.037328 -0.0065166 0.10844
-0.028476 0.018683 0.089357
-0.028848 0.017497 0.090649
-0.029011 0.015981 0.091194
-0.029238 0.014452 0.091828
-0.029717 0.01297 0.092981
-0.030082 0.011456 0.093898
-0.030395 0.010025 0.095017
-0.030739 0.0084985 0.095871
-0.031213 0.0070189 0.097203
-0.031917 0.00549 0.099052
-0.032605 0.0037769 0.10104
-0.033061 0.0021392 0.10231
-0.033169 0.00043933 0.10277
-0.033579 -0.0012391 0.10371
-0.034186 -0.0030498 0.105
-0.034922 -0.00491 0.10664
-0.035713 -0.0068014 0.10849
-0.026684 0.018528 0.088389
-0.027242 0.01754 0.090352
-0.027769 0.016069 0.091807
-0.028043 0.014605 0.092676
-0.02842 0.013166 0.093701
-0.028654 0.011632 0.094473
-0.028949 0.010117 0.095493
-0.029279 0.0086552 0.096431
-0.029926 0.0071465 0.0983
-0.030694 0.0055875 0.10019
-0.031203 0.0039398 0.10191
-0.031727 0.0021675 0.10339
-0.031918 0.0004768 0.10434
-0.032261 -0.0013 0.10512
-0.032716 -0.0031254 0.10613
-0.033554 -0.0050802 0.10792
-0.034041 -0.0069646 0.1092
-0.02505 0.018481 0.0879
-0.025648 0.017538 0.090007
-0.026461 0.016313 0.092413
-0.026846 0.014798 0.093653
-0.027325 0.013415 0.095153
-0.027498 0.011851 0.095698
-0.027701 0.010284 0.096359
-0.0279 0.0087805 0.097292
-0.028446 0.0072406 0.098928
-0.029261 0.0057138 0.10134
-0.029756 0.0040237 0.1027
-0.030124 0.0023411 0.10398
-0.030575 0.00041248 0.1055
-0.030903 -0.0013891 0.10659
-0.03123 -0.0032045 0.10731
-0.031827 -0.0049815 0.10848
-0.032405 -0.0069379 0.10998
-0.023543 0.018482 0.087832
-0.024191 0.017593 0.090149
-0.024966 0.016352 0.092413
-0.025224 0.014936 0.093679
-0.025726 0.013446 0.095185
-0.025914 0.011895 0.095904
-0.026348 0.010395 0.097258
-0.026593 0.0089288 0.098528
-0.026937 0.0073081 0.099451
-0.027583 0.00572 0.10163
-0.028014 0.0040615 0.10269
-0.028251 0.0023488 0.1041
-0.02903 0.00049573 0.10613
-0.029367 -0.0014739 0.10753
-0.029738 -0.0032823 0.10837
-0.030177 -0.005025 0.10935
-0.030609 -0.0068188 0.11046
-0.02194 0.018388 0.087429
-0.022802 0.017498 0.090263
-0.023333 0.016307 0.092331
-0.023524 0.01492 0.093168
-0.023928 0.013435 0.094675
-0.024264 0.011865 0.095963
-0.024781 0.01049 0.097891
-0.025101 0.008953 0.098991
-0.025347 0.0073279 0.099832
-0.025739 0.0057114 0.10117
-0.0261 0.0039509 0.10224
-0.026709 0.0022686 0.10402
-0.027151 0.00035563 0.10632
-0.02764 -0.0014785 0.10782
-0.028031 -0.0034095 0.10881
-0.028406 -0.005245 0.10976
-0.028803 -0.0070351 0.11072
-0.020251 0.018233 0.086906
-0.021191 0.017455 0.089999
-0.021642 0.016305 0.092025
-0.021956 0.014956 0.093329
-0.022265 0.01354 0.09455
-0.022681 0.011917 0.096164
-0.023204 0.010593 0.098296
-0.023478 0.0090344 0.099414
-0.023648 0.0073832 0.10006
-0.023912 0.0057054 0.10089
-0.024197 0.0039631 0.10181
-0.024701 0.002185 0.10376
-0.025256 0.00037727 0.1062
-0.025806 -0.0016183 0.10788
-0.026238 -0.0035098 0.10909
-0.026601 -0.0053452 0.11016
-0.027147 -0.0069461 0.11069
-0.018764 0.018185 0.086987
-0.019567 0.01741 0.089719
-0.020036 0.016295 0.091907
-0.020303 0.014948 0.093146
-0.020698 0.013592 0.094799
-0.020991 0.01205 0.096149
-0.021463 0.010604 0.098061
-0.021738 0.0090674 0.099395
-0.021884 0.0074018 0.10005
-0.022147 0.0057256 0.10093
-0.02235 0.0039679 0.10157
-0.022755 0.0022512 0.10319
-0.023253 0.00046269 0.10542
-0.023822 -0.0015121 0.10744
-0.024194 -0.0034726 0.10862
-0.024577 -0.0054599 0.10975
-0.0249 -0.0072803 0.11073
-0.017184 0.018147 0.086729
-0.017748 0.017242 0.08907
-0.018289 0.016246 0.091403
-0.018656 0.014993 0.093162
-0.019063 0.013642 0.094885
-0.019266 0.012043 0.095991
-0.019627 0.010557 0.097639
-0.020039 0.009119 0.099483
-0.02024 0.0074504 0.10023
-0.020411 0.0056918 0.10076
-0.020558 0.0039782 0.10146
-0.020836 0.002271 0.10278
-0.021125 0.00051868 0.10429
-0.021529 -0.001396 0.10584
-0.02197 -0.0034688 0.10747
-0.022495 -0.0054871 0.10867
-0.022708 -0.0074171 0.10964
-0.022854 -0.0093113 0.11055
-0.015602 0.01795 0.08598
-0.016094 0.01711 0.088432
-0.016519 0.016031 0.09047
-0.016948 0.0149 0.092565
-0.017398 0.013604 0.094599
-0.017607 0.012097 0.095881
-0.017907 0.010543 0.097457
-0.018318 0.0091237 0.099338
-0.018481 0.0074791 0.10002
-0.01858 0.0056795 0.10049
-0.018764 0.003984 0.10134
-0.018917 0.0023121 0.10222
-0.019165 0.00054698 0.10365
-0.019435 -0.0013029 0.10467
-0.019631 -0.0031993 0.10577
-0.019907 -0.0051391 0.10668
-0.020152 -0.0071202 0.1076
-0.020397 -0.0090502 0.10877
-0.020785 -0.011097 0.11055
-0.013977 0.017812 0.085288
-0.014478 0.016956 0.087698
-0.014801 0.015834 0.089689
-0.015249 0.014767 0.092133
-0.015654 0.013418 0.094011
-0.015971 0.011941 0.095467
-0.016198 0.010576 0.097405
-0.016528 0.0090862 0.099116
-0.016696 0.0074258 0.099924
-0.016836 0.0056911 0.10041
-0.016948 0.0040021 0.10108
-0.017022 0.0023048 0.10176
-0.017217 0.00059503 0.10286
-0.017286 -0.0012156 0.10338
-0.017359 -0.0030634 0.10397
-0.017476 -0.0049173 0.1047
-0.017827 -0.0069663 0.1061
-0.018014 -0.0089317 0.10735
-0.018358 -0.010992 0.10924
-0.018492 -0.012639 0.11088
-0.012434 0.017738 0.084885
-0.012951 0.016872 0.08748
-0.013151 0.015728 0.089153
-0.01353 0.014672 0.091667
-0.013892 0.013317 0.093436
-0.014171 0.011849 0.094828
-0.014435 0.010325 0.09621
-0.014664 0.0089266 0.098053
-0.014913 0.007385 0.099371
-0.015043 0.0056865 0.099925
-0.015158 0.0040339 0.10076
-0.015135 0.0022945 0.10112
-0.015186 0.00058974 0.10174
-0.015275 -0.0011716 0.10239
-0.015287 -0.0029799 0.10261
-0.015405 -0.0048199 0.10338
-0.015692 -0.0067906 0.10467
-0.015878 -0.0087494 0.106
-0.016197 -0.010737 0.1079
-0.016567 -0.012925 0.11057
-0.010975 0.017655 0.084624
-0.011295 0.016738 0.086686
-0.011549 0.01558 0.088689
-0.011767 0.014481 0.090638
-0.012077 0.013253 0.092782
-0.012187 0.011724 0.093569
-0.012338 0.010201 0.094478
-0.01245 0.0087405 0.095709
-0.012538 0.0072487 0.097004
-0.013147 0.0055514 0.098729
-0.013278 0.0039734 0.10005
-0.013315 0.0023168 0.10076
-0.013283 0.00056618 0.10115
-0.013282 -0.0011876 0.10153
-0.013403 -0.0029591 0.10206
-0.013554 -0.0048065 0.10288
-0.013643 -0.00671 0.10355
-0.013831 -0.0085526 0.10481
-0.014136 -0.010574 0.10683
-0.014513 -0.012721 0.10937
-0.0095036 0.017539 0.084167
-0.0097811 0.016716 0.086474
-0.009969 0.015571 0.088364
-0.010183 0.014311 0.09
-0.01024 0.013079 0.091508
-0.010362 0.011654 0.092565
-0.010394 0.010129 0.093222
-0.010344 0.0086412 0.094042
-0.010302 0.0072156 0.095151
-0.010324 0.0057808 0.096601
-0.010908 0.0040557 0.09888
-0.011412 0.0022861 0.099746
-0.011422 0.00062053 0.10064
-0.011476 -0.0011223 0.10098
-0.011527 -0.0029124 0.1016
-0.011709 -0.0048016 0.1026
-0.011817 -0.0066236 0.10326
-0.011871 -0.0084942 0.10397
-0.012066 -0.010443 0.10598
-0.012428 -0.012635 0.10838
-0.0080497 0.017503 0.084105
-0.0082387 0.016623 0.086118
-0.0083915 0.015506 0.087795
-0.0085948 0.01425 0.089444
-0.0086452 0.012971 0.09075
-0.0085586 0.011432 0.091022
-0.0084461 0.010052 0.091784
-0.0084271 0.0086068 0.092519
-0.0084353 0.0071685 0.093482
-0.0085797 0.0055854 0.09451
-0.0087242 0.0040647 0.096138
-0.0090813 0.0023298 0.097943
-0.0094572 0.00061076 0.09973
-0.0096828 -0.0011709 0.10035
-0.0097666 -0.0028623 0.1014
-0.0098669 -0.004715 0.10218
-0.009909 -0.006542 0.10266
-0.010014 -0.0084138 0.10375
-0.010235 -0.010396 0.10555
-0.010381 -0.012453 0.1076
-0.010676 -0.014585 0.11054
-0.0066399 0.017424 0.083789
-0.0067175 0.01649 0.08544
-0.0068686 0.015385 0.08719
-0.0069937 0.014112 0.088554
-0.0070554 0.012798 0.089738
-0.0069784 0.011402 0.090264
-0.0067349 0.0098336 0.090739
-0.0066754 0.0083966 0.091403
-0.0068221 0.0070076 0.092456
-0.0069129 0.005461 0.093264
-0.0070487 0.0038818 0.094357
-0.0072143 0.0022501 0.096007
-0.0075901 0.00054992 0.098025
-0.0077918 -0.0011682 0.099709
-0.0080064 -0.002878 0.10112
-0.0080465 -0.0046508 0.10191
-0.0080732 -0.0064128 0.10249
-0.0081667 -0.0083058 0.10352
-0.0083355 -0.010269 0.10541
-0.0085016 -0.012395 0.10733
-0.0087359 -0.014766 0.11058
-0.0051581 0.017357 0.083158
-0.005227 0.016351 0.08474
-0.0053308 0.015211 0.086339
-0.0054301 0.013932 0.087695
-0.0055131 0.01262 0.089004
-0.0054784 0.011175 0.089581
-0.0053118 0.0097382 0.090081
-0.0052571 0.0082628 0.090484
-0.0052976 0.0067595 0.090961
-0.0054065 0.0052506 0.091879
-0.0055265 0.0036137 0.093055
-0.005645 0.0020419 0.094443
-0.0057332 0.00041802 0.096382
-0.0059957 -0.0011655 0.099294
-0.0062199 -0.002886 0.10101
-0.0062999 -0.0045889 0.10194
-0.0062877 -0.0063103 0.10256
-0.0063607 -0.0081041 0.10388
-0.0064752 -0.010214 0.10534
-0.0066296 -0.012375 0.1075
-0.0068054 -0.014737 0.11052
-0.003752 0.016199 0.08393
-0.0038455 0.015132 0.086025
-0.0039101 0.013863 0.087424
-0.0039707 0.012594 0.088762
-0.0039605 0.011162 0.08934
-0.0039207 0.0096967 0.089771
-0.0038668 0.0081403 0.08993
-0.0038853 0.0066053 0.09015
-0.0039874 0.0051094 0.091036
-0.0039869 0.003436 0.09224
-0.0040752 0.0018187 0.093531
-0.004139 0.00019278 0.095373
-0.0042615 -0.0012107 0.098787
-0.0044515 -0.0028897 0.10056
-0.0044965 -0.0044879 0.10144
-0.0045546 -0.0061644 0.10253
-0.0045817 -0.0080076 0.10386
-0.0046318 -0.010188 0.10539
-0.0047438 -0.012358 0.10769
-0.0048582 -0.014736 0.11063
-0.0022554 0.016271 0.083788
-0.0023106 0.015241 0.085883
-0.0024159 0.013909 0.087483
-0.0024409 0.012581 0.088495
-0.002438 0.0112 0.089291
-0.0024319 0.0096687 0.089678
-0.0024179 0.0081183 0.090102
-0.0024167 0.0065481 0.090207
-0.0024933 0.0051206 0.09134
-0.0024814 0.0034046 0.092477
-0.0024578 0.0017597 0.09356
-0.0025013 7.5239e-05 0.094995
-0.0025736 -0.0012789 0.098241
-0.0026949 -0.0028871 0.10045
-0.0027174 -0.0045493 0.10144
-0.0027615 -0.0061915 0.10243
-0.0027936 -0.0078852 0.10402
-0.0028306 -0.010067 0.10534
-0.0028409 -0.012397 0.10763
-0.0029819 -0.014786 0.11029
-0.00083572 0.016263 0.083793
-0.00085424 0.015215 0.085744
-0.00086577 0.013973 0.087531
-0.00092176 0.012645 0.088533
-0.00092347 0.011258 0.0894
-0.00094269 0.0097568 0.089884
-0.0010305 0.0081728 0.090611
-0.0010263 0.0066361 0.090696
-0.0011338 0.0052827 0.091799
-0.0010026 0.0036891 0.092795
-0.00090234 0.001951 0.093954
-0.00085388 0.00019942 0.095438
-0.0010083 -0.0013631 0.098285
-0.00096173 -0.0028698 0.10035
-0.00097518 -0.004542 0.10158
-0.00096022 -0.0062625 0.10272
-0.001044 -0.0080814 0.10384
-0.0010493 -0.010142 0.1059
-0.0010366 -0.012531 0.10803
-0.00093988 -0.014963 0.11067
0.00058383 0.016241 0.083684
0.00062186 0.01519 0.085765
0.00062174 0.014008 0.087282
0.00060177 0.012673 0.088744
0.00057622 0.011252 0.089629
0.00037998 0.0097308 0.090416
0.00026393 0.0083102 0.091371
0.00019511 0.0068928 0.092202
0.00032141 0.0054161 0.093348
0.00052166 0.0037566 0.094193
0.00067203 0.0020583 0.094745
0.00072943 0.00032704 0.095993
0.00074722 -0.0012874 0.098531
0.00075112 -0.0029252 0.10021
0.0007474 -0.0045607 0.10161
0.00075456 -0.0063656 0.10264
0.0007364 -0.0082287 0.10363
0.00077553 -0.010236 0.10585
0.0008512 -0.012503 0.10803
0.00095566 -0.014916 0.11054
0.0019958 0.016237 0.083692
0.0020878 0.01516 0.085735
0.0021193 0.014008 0.08744
0.0021345 0.012719 0.088853
0.0019813 0.011214 0.089569
0.0019109 0.0097052 0.090866
0.0019796 0.0085097 0.092787
0.0019692 0.007043 0.093738
0.0020842 0.0054307 0.094493
0.0021859 0.003785 0.095095
0.0022645 0.0021446 0.095654
0.0022948 0.00036965 0.096885
0.0025062 -0.0012641 0.099051
0.0025421 -0.0029929 0.1002
0.002542 -0.0047123 0.10121
0.0024834 -0.0064621 0.10258
0.0025328 -0.0083114 0.1035
0.0026545 -0.0103 0.10563
0.002764 -0.012509 0.10793
0.0028639 -0.014894 0.11034
0.0034018 0.01619 0.083515
0.0035362 0.015057 0.085492
0.0035948 0.013935 0.087476
0.0035943 0.012613 0.088572
0.003508 0.011185 0.089425
0.0034218 0.0097447 0.090836
0.0034895 0.0085296 0.092815
0.0036421 0.0069888 0.094005
0.0037197 0.005473 0.094739
0.0037415 0.003917 0.095545
0.0038445 0.0022329 0.096291
0.0040032 0.00043497 0.097918
0.0042491 -0.0013637 0.099474
0.0043453 -0.0030804 0.10051
0.0043278 -0.0047915 0.10138
0.004321 -0.0065468 0.10255
0.0043242 -0.0084182 0.10364
0.0044267 -0.010439 0.10575
0.0046516 -0.012622 0.10804
0.0048588 -0.01485 0.11063
0.0048383 0.016121 0.08363
0.0049651 0.014976 0.08521
0.0050409 0.01387 0.087119
0.0050889 0.012557 0.088103
0.0050385 0.011209 0.089427
0.0050034 0.0098314 0.090911
0.0050363 0.0085081 0.092258
0.0052226 0.0070257 0.093966
0.0053411 0.0054505 0.094808
0.0054014 0.0039928 0.096005
0.0054989 0.00229 0.097552
0.005741 0.00044477 0.098846
0.0060828 -0.0014506 0.099894
0.0061179 -0.0030813 0.10098
0.0061302 -0.0048575 0.10164
0.006154 -0.006631 0.10268
0.0061208 -0.0084827 0.10406
0.0062346 -0.010713 0.10567
0.0065773 -0.012958 0.1081
0.0063202 0.016047 0.08389
0.0064109 0.014908 0.085083
0.0065036 0.013744 0.086662
0.0065301 0.01243 0.087568
0.0065832 0.011174 0.089157
0.0065684 0.0098185 0.090527
0.0066164 0.008473 0.092012
0.0067642 0.0070128 0.093569
0.00701 0.0054889 0.094943
0.0071909 0.0037394 0.096527
0.0073781 0.0021823 0.098229
0.0077187 0.00014822 0.099193
0.0078153 -0.0014968 0.10025
0.0079144 -0.0031921 0.10134
0.0079691 -0.0049322 0.10227
0.0080244 -0.0067989 0.10319
0.0079784 -0.0087701 0.10442
0.0082074 -0.011109 0.10612
0.0085138 -0.013458 0.1081
0.0087947 -0.015448 0.10984
0.0076574 0.017145 0.08286
0.0077769 0.016082 0.08419
0.0078742 0.014917 0.085237
0.0079907 0.013747 0.08664
0.0079848 0.012382 0.087369
0.0080756 0.011139 0.089053
0.008135 0.0097871 0.090308
0.0081646 0.0084558 0.091536
0.0084396 0.0070627 0.093913
0.0086531 0.0053983 0.094988
0.0088906 0.0037433 0.09664
0.0092006 0.0020211 0.098664
0.0094126 0.00016029 0.099529
0.0095518 -0.0015745 0.10064
0.0097425 -0.0031575 0.10195
0.0098168 -0.0050437 0.10254
0.0099543 -0.0070771 0.10329
0.010044 -0.0091265 0.10473
0.010218 -0.011475 0.10634
0.010396 -0.013955 0.10784
0.0090748 0.01716 0.082956
0.0092104 0.016103 0.084274
0.0092985 0.014873 0.085231
0.0093814 0.013725 0.086599
0.0095036 0.012444 0.087815
0.0096073 0.011192 0.089167
0.0097002 0.0098201 0.09018
0.0098234 0.0084216 0.091328
0.010107 0.0070184 0.094017
0.010312 0.0053943 0.094885
0.010734 0.003753 0.097329
0.010903 0.002026 0.098785
0.011057 0.00020347 0.099492
0.011246 -0.0015559 0.10057
0.01153 -0.0033816 0.10186
0.011631 -0.0051961 0.10257
0.011847 -0.0072053 0.10375
0.012027 -0.0092991 0.10517
0.012174 -0.011801 0.10687
0.012278 -0.014262 0.10823
0.01048 0.017152 0.083002
0.010598 0.016073 0.08397
0.010662 0.014818 0.084954
0.010828 0.013693 0.086382
0.010943 0.012443 0.087441
0.011116 0.011212 0.088952
0.011235 0.0098543 0.090087
0.011377 0.0084514 0.091194
0.011706 0.0070445 0.093712
0.012042 0.0054097 0.095265
0.01238 0.0037958 0.097503
0.012614 0.0020627 0.098904
0.012813 0.00031876 0.09981
0.012973 -0.0015034 0.10072
0.01326 -0.0033168 0.10188
0.013484 -0.0051889 0.1029
0.013739 -0.0072821 0.1043
0.013908 -0.0096033 0.10629
0.014125 -0.012099 0.1078
0.014256 -0.014257 0.10876
0.01198 0.017328 0.08368
0.012058 0.01613 0.084212
0.012095 0.014855 0.085013
0.012296 0.013732 0.086522
0.012443 0.012461 0.087386
0.012606 0.011174 0.088755
0.01274 0.009806 0.089827
0.012865 0.0084122 0.090849
0.013222 0.0071514 0.093503
0.013736 0.0053895 0.095402
0.014038 0.0038068 0.097394
0.014352 0.0021521 0.099166
0.014531 0.00045697 0.10022
0.014797 -0.0013124 0.10074
0.015058 -0.0032114 0.10215
0.0153 -0.0051647 0.10299
0.015663 -0.0074573 0.10518
0.015905 -0.010012 0.10759
0.016273 -0.012335 0.10906
0.013381 0.017372 0.083765
0.013471 0.016214 0.08448
0.013562 0.014929 0.08507
0.013804 0.013838 0.086965
0.014002 0.012501 0.087881
0.01412 0.011201 0.088907
0.014267 0.0098373 0.089867
0.014427 0.0084113 0.090936
0.01473 0.0070911 0.092773
0.015368 0.0053602 0.09545
0.015854 0.0038511 0.098127
0.016159 0.0022612 0.099549
0.016414 0.00048318 0.10074
0.016534 -0.0013198 0.10109
0.016861 -0.0031664 0.10252
0.017326 -0.0053185 0.10419
0.017816 -0.0075879 0.10672
0.018179 -0.010109 0.10889
0.014846 0.017619 0.084389
0.014971 0.016465 0.085152
0.015106 0.015177 0.085924
0.01535 0.013864 0.086994
0.015513 0.012556 0.087984
0.015709 0.011253 0.089158
0.015832 0.0098799 0.090123
0.016086 0.0085264 0.091642
0.016566 0.0071247 0.093473
0.017002 0.0054451 0.095323
0.017599 0.00385 0.098203
0.017888 0.0022789 0.099641
0.018156 0.00054015 0.10078
0.01838 -0.0011788 0.10172
0.018716 -0.0031485 0.10317
0.019401 -0.0053533 0.10548
0.020168 -0.0077285 0.10908
0.01636 0.01789 0.08531
0.016518 0.016651 0.085911
0.01667 0.015286 0.086506
0.016929 0.013954 0.087321
0.017066 0.012608 0.088126
0.017321 0.011344 0.089615
0.017409 0.009951 0.090533
0.017792 0.0085112 0.091938
0.018374 0.0071402 0.094199
0.018631 0.0055325 0.095371
0.019264 0.0038832 0.097948
0.019585 0.0022956 0.099423
0.019914 0.00066601 0.10093
0.020349 -0.0011581 0.10261
0.020797 -0.0031539 0.10448
0.021598 -0.0053215 0.10719
0.022373 -0.0074385 0.11033
0.017942 0.018017 0.085981
0.018106 0.01674 0.086499
0.018219 0.015353 0.086877
0.018515 0.014053 0.087845
0.01872 0.012676 0.088775
0.019071 0.011409 0.090129
0.019118 0.009938 0.090768
0.019329 0.0084911 0.091912
0.020087 0.0071674 0.094731
0.020411 0.005585 0.096026
0.021114 0.0039155 0.098586
0.02146 0.0023134 0.10005
0.021907 0.00060308 0.10152
0.022399 -0.0012868 0.10346
0.02326 -0.0032856 0.10617
0.023758 -0.0052711 0.10879
0.019377 0.018046 0.0859
0.019673 0.016799 0.086827
0.01987 0.015447 0.087426
0.020139 0.014139 0.088265
0.020371 0.012765 0.089125
0.020677 0.011374 0.090194
0.020765 0.0099258 0.090977
0.020977 0.008527 0.092099
0.021752 0.0072039 0.095005
0.022113 0.0056471 0.096383
0.022949 0.0039593 0.09895
0.023297 0.00233 0.10043
0.023839 0.00061784 0.10231
0.024576 -0.0013311 0.10445
0.025348 -0.003199 0.10714
0.02607 -0.0053145 0.11038
0.020806 0.017984 0.085672
0.021214 0.016823 0.0869
0.021554 0.015504 0.087741
0.021766 0.014166 0.088545
0.021907 0.012734 0.089039
0.022171 0.011314 0.089905
0.022312 0.0098632 0.090792
0.022725 0.0085491 0.092523
0.023286 0.0071569 0.09455
0.023741 0.0055484 0.096045
0.024608 0.0039741 0.098761
0.025426 0.0023408 0.1018
0.025857 0.000592 0.10314
0.026653 -0.0012814 0.10519
0.027572 -0.0032221 0.10866
0.022449 0.017995 0.086028
0.02274 0.016796 0.086889
0.023097 0.015536 0.087854
0.0233 0.014118 0.088481
0.023413 0.012667 0.088854
0.023733 0.011278 0.089838
0.024425 0.010017 0.091671
0.024682 0.0086378 0.093225
0.024999 0.0070188 0.094523
0.025947 0.0055156 0.09727
0.026751 0.0040744 0.099808
0.027801 0.0023744 0.10313
0.028329 0.000633 0.10466
0.028817 -0.0012328 0.10647
0.029794 -0.0033236 0.11019
0.024002 0.017967 0.086111
0.024352 0.016809 0.087105
0.024657 0.01549 0.08797
0.024827 0.014077 0.088408
0.024967 0.012637 0.088862
0.02537 0.011241 0.089779
0.025941 0.010022 0.091259
0.026153 0.0086128 0.092255
0.026582 0.0071325 0.094158
0.027764 0.0055586 0.097459
0.028911 0.0040308 0.10095
0.030232 0.0024512 0.10442
0.030669 0.00063004 0.10634
0.03111 -0.0012008 0.10807
0.031883 -0.0031468 0.1108
0.025437 0.017916 0.085806
0.025872 0.01674 0.086983
0.026183 0.015426 0.087919
0.026355 0.014071 0.088371
0.02651 0.012605 0.088817
0.026868 0.011218 0.089353
0.027143 0.009907 0.090244
0.027477 0.0085019 0.091416
0.027842 0.0070316 0.09287
0.029249 0.0055403 0.09677
0.031274 0.0041197 0.10232
0.032308 0.0024777 0.10556
0.032653 0.00066738 0.10691
0.033343 -0.0011347 0.10901
0.026996 0.017963 0.086166
0.027357 0.016776 0.087132
0.027688 0.015427 0.087786
0.027983 0.014103 0.088532
0.028225 0.012574 0.088752
0.028367 0.01113 0.089165
0.028527 0.0097677 0.089848
0.028959 0.0084181 0.091242
0.03002 0.0070269 0.094389
0.030897 0.0055147 0.096834
0.033723 0.0040866 0.10391
0.034493 0.0025278 0.1068
0.035014 0.00073693 0.10846
0.035692 -0.0011787 0.11049
0.028171 0.017876 0.08536
0.028842 0.016823 0.08718
0.029204 0.015511 0.087921
0.029481 0.014063 0.088308
0.029648 0.012531 0.088509
0.029773 0.011062 0.088936
0.029864 0.0096483 0.089462
0.03044 0.0083011 0.09122
0.031506 0.0068973 0.094118
0.032135 0.0054339 0.095824
0.036339 0.0041922 0.10651
0.037038 0.0023008 0.10838
0.037417 0.00042454 0.10959
0.038338 -0.0015629 0.111
0.029109 0.017674 0.083845
0.029998 0.016766 0.086226
0.03051 0.015427 0.087359
0.0309 0.014038 0.088165
0.031082 0.012536 0.088407
0.031225 0.01106 0.088873
0.031544 0.0095763 0.089893
0.031808 0.0081551 0.090722
0.032658 0.0066997 0.092998
0.034807 0.005342 0.098011
0.03897 0.0040669 0.10765
0.039454 0.0022512 0.10926
0.040069 0.00027544 0.11039
0.04047 -0.0014204 0.11135
0.030938 0.016558 0.084742
0.031634 0.015286 0.086234
0.032168 0.01392 0.087239
0.032426 0.012447 0.08797
0.032627 0.01094 0.088612
0.033008 0.0094274 0.08975
0.03343 0.0079994 0.090977
0.034239 0.0065685 0.093164
0.039127 0.0053445 0.10308
0.04087 0.0040271 0.10774
0.041584 0.0022566 0.10962
0.042093 0.00023703 0.11052
0.042856 -0.0014572 0.11146
0.032606 0.015252 0.084484
0.033149 0.01384 0.085629
0.033813 0.012396 0.087556
0.034156 0.010782 0.088451
0.03446 0.0092895 0.089422
0.034941 0.0079109 0.090726
0.036811 0.0064387 0.095318
0.041204 0.0053266 0.1039
0.042581 0.0041021 0.10753
0.043333 0.0023831 0.10909
0.043957 0.00033302 0.11016
0.044334 -0.0015759 0.11068
-0.029362 0.021704 0.091433
-0.029967 0.020301 0.092836
-0.030189 0.019219 0.093918
-0.030394 0.018148 0.094989
-0.03083 0.016867 0.09627
-0.031285 0.015598 0.097539
-0.031465 0.014478 0.098659
-0.031666 0.013434 0.099703
-0.032259 0.012012 0.10112
-0.032861 0.010287 0.10285
-0.03378 0.0083458 0.10479
-0.034302 0.0069407 0.1062
-0.034441 0.0058592 0.10728
-0.034788 0.0046969 0.10844
-0.035356 0.003269 0.10987
-0.036151 0.0014783 0.11166
-0.037328 -0.00090976 0.11405
-0.028476 0.021232 0.091906
-0.028848 0.019993 0.093145
-0.029011 0.018962 0.094175
-0.029238 0.017881 0.095257
-0.029717 0.016563 0.096574
-0.030082 0.015348 0.09779
-0.030395 0.014073 0.099065
-0.030739 0.012882 0.10025
-0.031213 0.011476 0.10166
-0.031917 0.0097875 0.10335
-0.032605 0.007937 0.1052
-0.033061 0.0064831 0.10665
-0.033169 0.0054032 0.10773
-0.033579 0.004094 0.10904
-0.034186 0.0025436 0.11059
-0.034922 0.00079354 0.11234
-0.035713 -0.0010772 0.11421
-0.026684 0.021638 0.091499
-0.027242 0.020163 0.092975
-0.027769 0.0187 0.094438
-0.028043 0.017533 0.095604
-0.02842 0.016301 0.096836
-0.028654 0.015148 0.097989
-0.028949 0.013881 0.099257
-0.029279 0.012681 0.10046
-0.029926 0.010992 0.10215
-0.030694 0.0092673 0.10387
-0.031203 0.0075834 0.10555
-0.031727 0.0059573 0.10718
-0.031918 0.0046369 0.1085
-0.032261 0.0033585 0.10978
-0.032716 0.0019408 0.1112
-0.033554 6.8443e-05 0.11307
-0.034041 -0.0015138 0.11465
-0.02505 0.021859 0.091278
-0.025648 0.020334 0.092803
-0.026461 0.018519 0.094619
-0.026846 0.017141 0.095996
-0.027325 0.0157 0.097438
-0.027498 0.014645 0.098492
-0.027701 0.013531 0.099606
-0.0279 0.012313 0.10082
-0.028446 0.010725 0.10241
-0.029261 0.0087554 0.10438
-0.029756 0.0072304 0.10591
-0.030124 0.0057491 0.10739
-0.030575 0.0040248 0.10911
-0.030903 0.002579 0.11056
-0.03123 0.0013113 0.11183
-0.031827 -0.0001622 0.1133
-0.032405 -0.0018904 0.11503
-0.023543 0.021894 0.091244
-0.024191 0.020291 0.092847
-0.024966 0.018538 0.094599
-0.025224 0.017197 0.09594
-0.025726 0.015699 0.097438
-0.025914 0.014564 0.098573
-0.026348 0.013137 0.1
-0.026593 0.011769 0.10137
-0.026937 0.010497 0.10264
-0.027583 0.0086135 0.10452
-0.028014 0.0072543 0.10588
-0.028251 0.0056929 0.10744
-0.02903 0.0037514 0.10939
-0.029367 0.0020666 0.11107
-0.029738 0.00074239 0.11239
-0.030177 -0.00061896 0.11376
-0.030609 -0.0020709 0.11521
-0.02194 0.022048 0.091089
-0.022802 0.020186 0.092951
-0.023333 0.018557 0.094581
-0.023524 0.017445 0.095693
-0.023928 0.015949 0.097189
-0.024264 0.01452 0.098618
-0.024781 0.012868 0.10027
-0.025101 0.01155 0.10159
-0.025347 0.010316 0.10282
-0.025739 0.0088392 0.1043
-0.0261 0.007424 0.10571
-0.026709 0.0056928 0.10744
-0.027151 0.0035864 0.10955
-0.02764 0.0019193 0.11122
-0.028031 0.00045879 0.11268
-0.028406 -0.00093396 0.11407
-0.028803 -0.002309 0.11545
-0.020251 0.022232 0.090905
-0.021191 0.020297 0.092841
-0.021642 0.018709 0.094429
-0.021956 0.017382 0.095755
-0.022265 0.016064 0.097074
-0.022681 0.014445 0.098692
-0.023204 0.012717 0.10042
-0.023478 0.011379 0.10176
-0.023648 0.01023 0.10291
-0.023912 0.0089762 0.10416
-0.024197 0.0076451 0.10549
-0.024701 0.005781 0.10736
-0.025256 0.0036572 0.10948
-0.025806 0.0018194 0.11132
-0.026238 0.00026864 0.11287
-0.026601 -0.0011841 0.11432
-0.027147 -0.0022495 0.11539
-0.018764 0.022168 0.09097
-0.019567 0.020414 0.092723
-0.020036 0.018763 0.094375
-0.020303 0.01747 0.095668
-0.020698 0.015965 0.097172
-0.020991 0.014519 0.098618
-0.021463 0.01284 0.1003
-0.021738 0.011405 0.10173
-0.021884 0.010244 0.10289
-0.022147 0.0089663 0.10417
-0.02235 0.0077675 0.10537
-0.022755 0.0060991 0.10704
-0.023253 0.0040899 0.10905
-0.023822 0.0020925 0.11104
-0.024194 0.00052224 0.11261
-0.024577 -0.0010364 0.11417
-0.0249 -0.0024366 0.11557
-0.017184 0.022278 0.09086
-0.017748 0.020655 0.092483
-0.018289 0.01899 0.094147
-0.018656 0.017484 0.095653
-0.019063 0.015947 0.09719
-0.019266 0.014595 0.098543
-0.019627 0.013028 0.10011
-0.020039 0.011387 0.10175
-0.02024 0.010179 0.10296
-0.020411 0.0090344 0.1041
-0.020558 0.0078276 0.10531
-0.020836 0.006314 0.10682
-0.021125 0.0046829 0.10845
-0.021529 0.0029505 0.11019
-0.02197 0.0010991 0.11204
-0.022495 -0.00051001 0.11365
-0.022708 -0.00196 0.1151
-0.022854 -0.0033621 0.1165
-0.015602 0.022554 0.090584
-0.016094 0.020908 0.09223
-0.016519 0.019349 0.093788
-0.016948 0.017736 0.095401
-0.017398 0.016071 0.097066
-0.017607 0.014677 0.098461
-0.017907 0.013112 0.10003
-0.018318 0.011461 0.10168
-0.018481 0.010298 0.10284
-0.01858 0.0091633 0.10397
-0.018764 0.0078905 0.10525
-0.018917 0.0066146 0.10652
-0.019165 0.005017 0.10812
-0.019435 0.0035821 0.10955
-0.019631 0.0020839 0.11105
-0.019907 0.00065899 0.11248
-0.020152 -0.00079156 0.11393
-0.020397 -0.0023416 0.11548
-0.020785 -0.004255 0.11739
-0.013977 0.022831 0.090307
-0.014478 0.021198 0.09194
-0.014801 0.019641 0.093496
-0.015249 0.017886 0.095252
-0.015654 0.016272 0.096865
-0.015971 0.014806 0.098332
-0.016198 0.013154 0.099983
-0.016528 0.011554 0.10158
-0.016696 0.010319 0.10282
-0.016836 0.0092091 0.10393
-0.016948 0.0080296 0.10511
-0.017022 0.0068409 0.1063
-0.017217 0.0054361 0.1077
-0.017286 0.0042707 0.10887
-0.017359 0.0030518 0.11009
-0.017476 0.0017599 0.11138
-0.017827 3.5393e-05 0.1131
-0.018014 -0.0015723 0.11471
-0.018358 -0.0035475 0.11668
-0.018492 -0.005191 0.11833
-0.012434 0.022995 0.090142
-0.012951 0.021265 0.091873
-0.013151 0.019856 0.093281
-0.01353 0.018071 0.095066
-0.013892 0.016509 0.096628
-0.014171 0.015079 0.098058
-0.014435 0.013626 0.099511
-0.014664 0.012005 0.10113
-0.014913 0.010576 0.10256
-0.015043 0.0094493 0.10369
-0.015158 0.0082055 0.10493
-0.015135 0.0071558 0.10598
-0.015186 0.0059934 0.10714
-0.015275 0.0047877 0.10835
-0.015287 0.0037736 0.10936
-0.015405 0.0024686 0.11067
-0.015692 0.00083824 0.1123
-0.015878 -0.00080616 0.11394
-0.016197 -0.00275 0.11589
-0.016567 -0.005179 0.11832
-0.010975 0.023084 0.090053
-0.011295 0.021595 0.091543
-0.011549 0.020014 0.093123
-0.011767 0.01849 0.094647
-0.012077 0.016804 0.096333
-0.012187 0.015646 0.097491
-0.012338 0.01443 0.098707
-0.01245 0.013084 0.10005
-0.012538 0.011691 0.10145
-0.013147 0.0099797 0.10316
-0.013278 0.0085302 0.10461
-0.013315 0.0073469 0.10579
-0.013283 0.0062766 0.10686
-0.013282 0.0052097 0.10793
-0.013403 0.004059 0.10908
-0.013554 0.0027253 0.11041
-0.013643 0.0014385 0.1117
-0.013831 -0.00011276 0.11325
-0.014136 -0.0021335 0.11527
-0.014513 -0.004477 0.11761
-0.0095036 0.023255 0.089883
-0.0097811 0.02169 0.091448
-0.009969 0.020172 0.092965
-0.010183 0.018724 0.094413
-0.01024 0.017354 0.095783
-0.010362 0.016113 0.097024
-0.010394 0.015022 0.098115
-0.010344 0.013868 0.099269
-0.010302 0.012601 0.10054
-0.010324 0.011158 0.10198
-0.010908 0.0091564 0.10398
-0.011412 0.0078386 0.1053
-0.011422 0.0065588 0.10658
-0.011476 0.0055174 0.10762
-0.011527 0.0043123 0.10882
-0.011709 0.0028677 0.11027
-0.011817 0.0016267 0.11151
-0.011871 0.00033644 0.1128
-0.012066 -0.001643 0.11478
-0.012428 -0.003939 0.11708
-0.0080497 0.023268 0.08987
-0.0082387 0.021821 0.091316
-0.0083915 0.020424 0.092713
-0.0085948 0.018972 0.094166
-0.0086452 0.017679 0.095458
-0.0085586 0.016774 0.096364
-0.0084461 0.015703 0.097435
-0.0084271 0.014612 0.098525
-0.0084353 0.013412 0.099725
-0.0085797 0.012106 0.10103
-0.0087242 0.010532 0.10261
-0.0090813 0.0087619 0.10438
-0.0094572 0.0070089 0.10613
-0.0096828 0.0058081 0.10733
-0.0097666 0.0044374 0.1087
-0.0098669 0.003121 0.11002
-0.009909 0.0019675 0.11117
-0.010014 0.00048664 0.11265
-0.010235 -0.0014045 0.11454
-0.010381 -0.003458 0.1166
-0.010676 -0.005994 0.11913
-0.0066399 0.023386 0.089751
-0.0067175 0.022094 0.091044
-0.0068686 0.020666 0.092471
-0.0069937 0.019348 0.09379
-0.0070554 0.018099 0.095039
-0.0069784 0.017138 0.096
-0.0067349 0.016116 0.097021
-0.0066754 0.015065 0.098072
-0.0068221 0.013844 0.099293
-0.0069129 0.012667 0.10047
-0.0070487 0.011331 0.10181
-0.0072143 0.0096901 0.10345
-0.0075901 0.007831 0.10531
-0.0077918 0.0061299 0.10701
-0.0080064 0.0045695 0.10857
-0.0080465 0.0032881 0.10985
-0.0080732 0.0021171 0.11102
-0.0081667 0.00065564 0.11248
-0.0083355 -0.001271 0.11441
-0.0085016 -0.003294 0.11643
-0.0087359 -0.0061045 0.11924
-0.0051581 0.023668 0.089469
-0.005227 0.022374 0.090763
-0.0053308 0.021005 0.092133
-0.0054301 0.019687 0.09345
-0.0055131 0.018377 0.094761
-0.0054784 0.017366 0.095772
-0.0053118 0.016397 0.09674
-0.0052571 0.015458 0.097679
-0.0052976 0.014468 0.098669
-0.0054065 0.013254 0.099883
-0.0055265 0.011848 0.10129
-0.005645 0.010368 0.10277
-0.0057332 0.0085866 0.10455
-0.0059957 0.0063388 0.1068
-0.0062199 0.0046205 0.10852
-0.0062999 0.0033041 0.10983
-0.0062877 0.0021334 0.111
-0.0063607 0.00057649 0.11256
-0.0064752 -0.0012085 0.11435
-0.0066296 -0.003369 0.11651
-0.0068054 -0.00606 0.1192
-0.003752 0.022703 0.090434
-0.0038455 0.021122 0.092015
-0.0039101 0.019788 0.093349
-0.0039707 0.018485 0.094653
-0.0039605 0.01748 0.095658
-0.0039207 0.016531 0.096606
-0.0038668 0.015674 0.097463
-0.0038853 0.014796 0.098341
-0.0039874 0.013605 0.099532
-0.0039869 0.012167 0.10097
-0.0040752 0.010712 0.10242
-0.004139 0.0089784 0.10416
-0.0042615 0.0065697 0.10657
-0.0044515 0.0048437 0.10829
-0.0044965 0.0036046 0.10953
-0.0045546 0.0022213 0.11092
-0.0045817 0.00063474 0.1125
-0.0046318 -0.0012205 0.11436
-0.0047438 -0.0034555 0.11659
-0.0048582 -0.0061145 0.11925
-0.0022554 0.02281 0.090327
-0.0023106 0.021248 0.09189
-0.0024159 0.019782 0.093356
-0.0024409 0.018612 0.094526
-0.002438 0.017523 0.095614
-0.0024319 0.016564 0.096573
-0.0024179 0.015577 0.09756
-0.0024167 0.014739 0.098398
-0.0024933 0.013459 0.099678
-0.0024814 0.012032 0.1011
-0.0024578 0.010668 0.10247
-0.0025013 0.0091087 0.10403
-0.0025736 0.0068086 0.10633
-0.0026949 0.0049 0.10824
-0.0027174 0.0035739 0.10956
-0.0027615 0.0022578 0.11088
-0.0027936 0.00061594 0.11252
-0.0028306 -0.001135 0.11427
-0.0028409 -0.003445 0.11658
-0.0029819 -0.0059695 0.11911
-0.00083572 0.022804 0.090334
-0.00085424 0.021304 0.091833
-0.00086577 0.01979 0.093348
-0.00092176 0.018625 0.094513
-0.00092347 0.017498 0.09564
-0.00094269 0.016505 0.096632
-0.0010305 0.015349 0.097788
-0.0010263 0.014539 0.098598
-0.0011338 0.01331 0.099827
-0.0010026 0.012016 0.10112
-0.00090234 0.010567 0.10257
-0.00085388 0.0089493 0.10419
-0.0010083 0.0067445 0.10639
-0.00096173 0.0049586 0.10818
-0.00097518 0.0035075 0.10963
-0.00096022 0.0020773 0.11106
-0.001044 0.00060784 0.11253
-0.0010493 -0.0014525 0.11459
-0.0010366 -0.003712 0.11685
-0.00093988 -0.006248 0.11939
0.00058383 0.022847 0.09029
0.00062186 0.021281 0.091856
0.00062174 0.019932 0.093206
0.00060177 0.018533 0.094604
0.00057622 0.01738 0.095757
0.00037998 0.016226 0.096911
0.00026393 0.015038 0.098099
0.00019511 0.013914 0.099223
0.00032141 0.012603 0.10053
0.00052166 0.01135 0.10179
0.00067203 0.010225 0.10291
0.00072943 0.0087356 0.1044
0.00074722 0.0066593 0.10648
0.00075112 0.0050009 0.10814
0.0007474 0.0034832 0.10965
0.00075456 0.0020657 0.11107
0.0007364 0.00063919 0.1125
0.00077553 -0.0014745 0.11461
0.0008512 -0.003698 0.11684
0.00095566 -0.0061595 0.1193
0.0019958 0.022841 0.090296
0.0020878 0.021281 0.091856
0.0021193 0.019853 0.093285
0.0021345 0.018502 0.094636
0.0019813 0.017391 0.095746
0.0019109 0.015988 0.097149
0.0019796 0.01443 0.098707
0.0019692 0.013221 0.099916
0.0020842 0.012037 0.1011
0.0021859 0.010914 0.10222
0.0022645 0.0098138 0.10332
0.0022948 0.0083109 0.10483
0.0025062 0.006411 0.10673
0.0025421 0.0049721 0.10816
0.002542 0.0036074 0.10953
0.0024834 0.0020475 0.11109
0.0025328 0.00066284 0.11247
0.0026545 -0.0013965 0.11453
0.002764 -0.003651 0.11679
0.0028639 -0.0060485 0.11919
0.0034018 0.022906 0.090231
0.0035362 0.021351 0.091786
0.0035948 0.019798 0.093339
0.0035943 0.018589 0.094548
0.003508 0.017449 0.095689
0.0034218 0.016023 0.097114
0.0034895 0.014426 0.098711
0.0036421 0.01306 0.10008
0.0037197 0.011936 0.1012
0.0037415 0.010755 0.10238
0.0038445 0.0095395 0.1036
0.0040032 0.007827 0.10531
0.0042491 0.0061497 0.10699
0.0043453 0.0047733 0.10836
0.0043278 0.0034828 0.10965
0.004321 0.0020201 0.11112
0.0043242 0.00053944 0.1126
0.0044267 -0.001526 0.11466
0.0046516 -0.0037625 0.1169
0.0048588 -0.0061715 0.11931
0.0048383 0.022814 0.090323
0.0049651 0.021452 0.091686
0.0050409 0.019944 0.093193
0.0050889 0.018796 0.094342
0.0050385 0.01746 0.095678
0.0050034 0.016029 0.097108
0.0050363 0.014694 0.098443
0.0052226 0.013098 0.10004
0.0053411 0.01189 0.10125
0.0054014 0.010562 0.10257
0.0054989 0.0089375 0.1042
0.005741 0.0073679 0.10577
0.0060828 0.0058962 0.10724
0.0061179 0.0045379 0.1086
0.0061302 0.0033198 0.10982
0.006154 0.001913 0.11122
0.0061208 0.00029719 0.11284
0.0062346 -0.001623 0.11476
0.0065773 -0.0039605 0.1171
0.0063202 0.022647 0.09049
0.0064109 0.021481 0.091656
0.0065036 0.02011 0.093028
0.0065301 0.019 0.094138
0.0065832 0.017577 0.09556
0.0065684 0.016214 0.096923
0.0066164 0.014799 0.098338
0.0067642 0.01329 0.099847
0.00701 0.011841 0.1013
0.0071909 0.010175 0.10296
0.0073781 0.0085452 0.10459
0.0077187 0.0070462 0.10609
0.0078153 0.0056951 0.10744
0.0079144 0.0043025 0.10883
0.0079691 0.0029674 0.11017
0.0080244 0.0015741 0.11156
0.0079784 -2.651e-05 0.11316
0.0082074 -0.002046 0.11518
0.0085138 -0.0042105 0.11735
0.0087947 -0.0060755 0.11921
0.0076574 0.023711 0.089426
0.0077769 0.022515 0.090623
0.0078742 0.021409 0.091729
0.0079907 0.020122 0.093015
0.0079848 0.019075 0.094062
0.0080756 0.017612 0.095526
0.008135 0.016308 0.096829
0.0081646 0.015028 0.098109
0.0084396 0.013143 0.099994
0.0086531 0.011774 0.10136
0.0088906 0.01012 0.10302
0.0092006 0.0082471 0.10489
0.0094126 0.0068842 0.10625
0.0095518 0.0054613 0.10768
0.0097425 0.0040148 0.10912
0.0098168 0.0027767 0.11036
0.0099543 0.001385 0.11175
0.010044 -0.00035971 0.1135
0.010218 -0.002339 0.11548
0.010396 -0.004329 0.11747
0.0090748 0.023671 0.089467
0.0092104 0.022483 0.090654
0.0092985 0.02139 0.091748
0.0093814 0.020132 0.093006
0.0095036 0.018883 0.094254
0.0096073 0.017581 0.095556
0.0097002 0.016389 0.096748
0.0098234 0.015115 0.098022
0.010107 0.013069 0.10007
0.010312 0.011823 0.10131
0.010734 0.0097805 0.10336
0.010903 0.008189 0.10495
0.011057 0.0069243 0.10621
0.011246 0.0055056 0.10763
0.01153 0.0039477 0.10919
0.011631 0.0026855 0.11045
0.011847 0.0010909 0.11205
0.012027 -0.000666 0.1138
0.012174 -0.002767 0.1159
0.012278 -0.0046775 0.11781
0.01048 0.023644 0.089494
0.010598 0.02262 0.090517
0.010662 0.021501 0.091637
0.010828 0.020224 0.092913
0.010943 0.01907 0.094068
0.011116 0.017699 0.095439
0.011235 0.016452 0.096685
0.011377 0.015197 0.09794
0.011706 0.013235 0.099902
0.012042 0.011641 0.1015
0.01238 0.0097149 0.10342
0.012614 0.0081479 0.10499
0.012813 0.0068229 0.10631
0.012973 0.0054568 0.10768
0.01326 0.0039701 0.10917
0.013484 0.0025241 0.11061
0.013739 0.00077749 0.11236
0.013908 -0.0013781 0.11452
0.014125 -0.003381 0.11652
0.014256 -0.00494 0.11808
0.01198 0.023393 0.089745
0.012058 0.022528 0.09061
0.012095 0.02149 0.091648
0.012296 0.020174 0.092964
0.012443 0.019106 0.094031
0.012606 0.017778 0.095359
0.01274 0.016558 0.096579
0.012865 0.01535 0.097787
0.013222 0.013393 0.099744
0.013736 0.011562 0.10157
0.014038 0.0097749 0.10336
0.014352 0.0080616 0.10508
0.014531 0.006687 0.10645
0.014797 0.0055423 0.10759
0.015058 0.0038878 0.10925
0.0153 0.0024912 0.11065
0.015663 0.00024989 0.11289
0.015905 -0.0022325 0.11537
0.016273 -0.004129 0.11727
0.013381 0.023372 0.089765
0.013471 0.022436 0.090702
0.013562 0.021498 0.091639
0.013804 0.020005 0.093132
0.014002 0.018879 0.094259
0.01412 0.017716 0.095422
0.014267 0.016554 0.096583
0.014427 0.015306 0.097831
0.01473 0.013728 0.099409
0.015368 0.011524 0.10161
0.015854 0.0094306 0.10371
0.016159 0.0079246 0.10521
0.016414 0.0064401 0.1067
0.016534 0.0053636 0.10777
0.016861 0.0037253 0.10941
0.017326 0.0018143 0.11132
0.017816 -0.00058541 0.11372
0.018179 -0.002931 0.11607
0.014846 0.023184 0.089954
0.014971 0.022225 0.090912
0.015106 0.021195 0.091942
0.01535 0.020004 0.093134
0.015513 0.018855 0.094283
0.015709 0.017616 0.095521
0.015832 0.016447 0.09669
0.016086 0.015011 0.098126
0.016566 0.013394 0.099743
0.017002 0.01163 0.10151
0.017599 0.009392 0.10375
0.017888 0.0078875 0.10525
0.018156 0.0064486 0.10669
0.01838 0.0051191 0.10802
0.018716 0.0034093 0.10973
0.019401 0.0011519 0.11199
0.020168 -0.0018357 0.11497
0.01636 0.022859 0.090279
0.016518 0.021939 0.091199
0.01667 0.020959 0.092179
0.016929 0.019885 0.093252
0.017066 0.01881 0.094328
0.017321 0.017433 0.095704
0.017409 0.016278 0.09686
0.017792 0.014855 0.098282
0.018374 0.013039 0.1001
0.018631 0.011649 0.10149
0.019264 0.0095361 0.1036
0.019585 0.0080048 0.10513
0.019914 0.0064365 0.1067
0.020349 0.0046845 0.10845
0.020797 0.0027516 0.11039
0.021598 0.0003128 0.11282
0.022373 -0.0023157 0.11545
0.017942 0.022587 0.090551
0.018106 0.021689 0.091448
0.018219 0.020807 0.092331
0.018515 0.019673 0.093465
0.01872 0.018519 0.094618
0.019071 0.017209 0.095929
0.019118 0.016154 0.096984
0.019329 0.014858 0.098279
0.020087 0.012787 0.10035
0.020411 0.011348 0.10179
0.021114 0.0092333 0.1039
0.02146 0.0077002 0.10544
0.021907 0.0061101 0.10703
0.022399 0.0041951 0.10894
0.02326 0.0018407 0.1113
0.023758 -0.00046201 0.1136
0.019377 0.022642 0.090496
0.019673 0.021555 0.091583
0.01987 0.020579 0.092558
0.020139 0.019506 0.093632
0.020371 0.018389 0.094749
0.020677 0.017159 0.095979
0.020765 0.016043 0.097094
0.020977 0.014783 0.098355
0.021752 0.012668 0.10047
0.022113 0.011201 0.10194
0.022949 0.0090732 0.10406
0.023297 0.0075185 0.10562
0.023839 0.0057225 0.10741
0.024576 0.003678 0.10946
0.025348 0.001399 0.11174
0.02607 -0.0012787 0.11442
0.020806 0.022725 0.090413
0.021214 0.02153 0.091607
0.021554 0.02045 0.092687
0.021766 0.019379 0.093758
0.021907 0.018416 0.094721
0.022171 0.017273 0.095864
0.022312 0.016104 0.097033
0.022725 0.014582 0.098555
0.023286 0.012872 0.10027
0.023741 0.01132 0.10182
0.024608 0.0091751 0.10396
0.025426 0.0068389 0.1063
0.025857 0.0052945 0.10784
0.026653 0.0033328 0.1098
0.027572 0.00062749 0.11251
0.022449 0.022552 0.090585
0.02274 0.021522 0.091615
0.023097 0.02041 0.092728
0.0233 0.019387 0.09375
0.023413 0.018475 0.094662
0.023733 0.017289 0.095849
0.024425 0.015742 0.097396
0.024682 0.014275 0.098862
0.024999 0.012816 0.10032
0.025947 0.010691 0.10245
0.026751 0.0087017 0.10444
0.027801 0.0061907 0.10695
0.028329 0.004555 0.10858
0.028817 0.0027171 0.11042
0.029794 -0.00018826 0.11333
0.024002 0.022497 0.090641
0.024352 0.021421 0.091717
0.024657 0.020329 0.092809
0.024827 0.019403 0.093734
0.024967 0.018456 0.094681
0.02537 0.0173 0.095838
0.025941 0.01595 0.097187
0.026153 0.014747 0.09839
0.026582 0.013056 0.10008
0.027764 0.010618 0.10252
0.028911 0.0081089 0.10503
0.030232 0.0055841 0.10755
0.030669 0.0037136 0.10942
0.03111 0.0019331 0.1112
0.031883 -0.00040486 0.11354
0.025437 0.022624 0.090514
0.025872 0.021447 0.09169
0.026183 0.020322 0.092815
0.026355 0.019419 0.093719
0.02651 0.018463 0.094675
0.026868 0.017501 0.095636
0.027143 0.0164 0.096737
0.027477 0.015111 0.098026
0.027842 0.013649 0.099488
0.029249 0.010954 0.10218
0.031274 0.0074684 0.10567
0.032308 0.0050274 0.10811
0.032653 0.0034472 0.10969
0.033343 0.0014962 0.11164
0.026996 0.022467 0.09067
0.027357 0.021391 0.091747
0.027688 0.020389 0.092748
0.027983 0.019354 0.093783
0.028225 0.01848 0.094658
0.028367 0.017551 0.095586
0.028527 0.016528 0.096609
0.028959 0.015157 0.09798
0.03002 0.012887 0.10025
0.030897 0.010909 0.10223
0.033723 0.0066568 0.10648
0.034493 0.0044324 0.1087
0.035014 0.002707 0.11043
0.035692 0.00073419 0.1124
0.028171 0.022827 0.090311
0.028842 0.02139 0.091747
0.029204 0.020364 0.092774
0.029481 0.019446 0.093691
0.029648 0.01858 0.094558
0.029773 0.017632 0.095506
0.029864 0.016662 0.096475
0.03044 0.015109 0.098028
0.031506 0.012958 0.10018
0.032135 0.011373 0.10176
0.036339 0.0054096 0.10773
0.037038 0.0035289 0.10961
0.037417 0.0019858 0.11115
0.038338 0.00028709 0.11285
0.029109 0.023483 0.089654
0.029998 0.021839 0.091299
0.03051 0.020603 0.092535
0.0309 0.019505 0.093632
0.031082 0.018633 0.094504
0.031225 0.017662 0.095475
0.031544 0.01641 0.096727
0.031808 0.015285 0.097852
0.032658 0.013419 0.099718
0.034807 0.010234 0.1029
0.03897 0.004777 0.10836
0.039454 0.0030641 0.11007
0.040069 0.0015113 0.11163
0.04047 0.00018335 0.11295
0.030938 0.022477 0.090661
0.031634 0.021095 0.092043
0.032168 0.019909 0.093228
0.032426 0.018807 0.09433
0.032627 0.017733 0.095405
0.033008 0.016407 0.09673
0.03343 0.01508 0.098057
0.034239 0.013271 0.099866
0.039127 0.0077008 0.10544
0.04087 0.0047121 0.10842
0.041584 0.0028868 0.11025
0.042093 0.0014271 0.11171
0.042856 0.00010994 0.11303
0.032606 0.021953 0.091185
0.033149 0.020674 0.092463
0.033813 0.018989 0.094149
0.034156 0.017734 0.095403
0.03446 0.016502 0.096635
0.034941 0.015161 0.097976
0.036811 0.012129 0.10101
0.041204 0.0072818 0.10586
0.042581 0.0048546 0.10828
0.043333 0.0032151 0.10992
0.043957 0.0016551 0.11148
0.044334 0.00044059 0.1127
0.00455532 0.0112533 0.101881
0.030394 -0.00248529 0.111152
0.0306015 0.00459151 0.100477
-0.0302871 0.001608 0.111528
0.0129644 0.0121979 0.100936
-0.00608149 0.0105066 0.0901655
0.0417544 0.00417457 0.108959
0.0345095 0.0059843 0.0954727
-0.00172069 0.0132175 0.0880542
0.0393625 -0.000723772 0.111937
0.0101556 0.00632548 0.106809
0.0316906 0.00603228 0.107103
-0.00181946 0.00280912 0.110327
0.0317809 0.0031768 0.104194
0.00158746 0.00418012 0.108953
-0.0242147 0.0156677 0.0929595
-0.0310873 0.00488417 0.108252
0.0306151 0.00860262 0.104534
-0.0302799 -0.00240168 0.107542
0.029794 -0.00232721 0.111188
0.0311399 0.00461593 0.100369
-0.034441 0.00151495 0.102934
-0.0325489 0.00139433 0.10322
-0.029156 9.9208e-06 0.113124
0.018179 -0.00652 0.11248
0.00846946 0.0144462 0.0857749
-0.0302258 0.0116889 0.101449
0.016273 -0.00771892 0.113678
-0.034788 0.000352898 0.104096
0.012278 -0.00826476 0.114224
0.0429597 0.00114145 0.109933
-0.035356 -0.00107557 0.105524
-0.036151 -0.00286632 0.107314
0.0436174 0.00144887 0.109578
0.0110767 -0.014671 0.108785
0.0281721 -0.00419069 0.110273
-0.0147117 -0.0134478 0.110561
-0.0296561 0.0116966 0.101445
-0.0286457 0.00119859 0.111939
-0.0326559 -0.000668208 0.113805
-0.00398122 2.78707e-05 0.113107
-0.000970176 0.00302914 0.110108
0.00447502 0.0124864 0.100654
0.017235 0.00588846 0.107251
-0.0284538 0.0216816 0.0914554
-0.00347553 0.0231707 0.0899663
-0.000514536 -0.00564243 0.118784
0.00598229 0.023178 0.089959
0.0244662 -0.00172856 0.114867
0.0293639 0.00676567 0.106374
0.0283059 -0.000623984 0.113766
0.0279155 0.012005 0.10113
0.0340858 0.000253881 0.112881
0.0358081 0.0137552 0.0993828
0.0203952 -0.00260587 0.115742
0.0279867 0.0232204 0.0899169
0.03114 0.0086917 0.104447
0.0374406 0.0109253 0.102214
-0.034041 -0.0042392 0.111925
-0.032405 -0.00461672 0.112302
-0.030609 -0.00479708 0.112483
-0.028803 -0.00503571 0.112721
-0.022854 -0.0063367 0.113525
-0.020785 -0.00722865 0.114417
-0.018492 -0.00816595 0.115354
-0.016567 -0.00815457 0.115343
0.0087947 -0.00966321 0.115623
0.014256 -0.00852963 0.114489
0.038338 -0.000415786 0.112147
0.034941 0.011536 0.094351
0.03446 0.0128771 0.0930099
0.034156 0.014109 0.091778
0.033813 0.0153635 0.0905235
0.033149 0.017049 0.088838
0.032606 0.0183275 0.0875595
0.030938 0.0188515 0.0870355
0.029109 0.019858 0.086029
0.01636 0.0203745 0.0877945
0.014846 0.0206995 0.0874695
0.013381 0.020888 0.087281
0.01198 0.0209085 0.0872605
0.01048 0.0211595 0.0870095
0.0090748 0.0211865 0.0869825
0.0076574 0.021227 0.086942
0.0048383 0.02033 0.087839
0.0034018 0.020422 0.087747
0.0019958 0.020357 0.087812
0.00058383 0.020363 0.087806
-0.00083572 0.0203195 0.0878495
-0.0022554 0.020326 0.087843
-0.0051581 0.021184 0.086985
-0.0066399 0.020902 0.087267
-0.0080497 0.0207835 0.0873855
-0.0095036 0.0207705 0.0873985
-0.010975 0.0206 0.087569
-0.012434 0.020511 0.087658
-0.013977 0.0203465 0.0878225
-0.015602 0.0200695 0.0880995
-0.017184 0.0197935 0.0883755
-0.018764 0.0196835 0.0884855
-0.020251 0.019748 0.088421
-0.02194 0.019564 0.088605
-0.023543 0.0194095 0.0887595
-0.02505 0.019375 0.088794
-0.026684 0.019154 0.089015
-0.029362 0.0191555 0.0888845
-0.029967 0.0178055 0.0903405
-0.030189 0.0167235 0.0914225
-0.030394 0.0156525 0.0924935
-0.03083 0.0143715 0.0937745
-0.031285 0.0131025 0.0950435
-0.031465 0.0119824 0.0961638
-0.031666 0.0109387 0.0972074
-0.032259 0.00951862 0.0986286
-0.032861 0.0077921 0.100355
-0.03378 0.00599515 0.10244
-0.034302 0.00458828 0.103846
0.012278 -0.0112634 0.111227
-0.034302 0.00259675 0.101853
-0.03378 0.00418572 0.100631
-0.034441 0.0035069 0.104927
-0.032861 0.00598945 0.0985525
-0.032259 0.00755496 0.0966665
-0.031666 0.00905054 0.095319
-0.031465 0.0104301 0.0946119
0.013381 0.01913 0.085523
0.014846 0.0189415 0.0857115
0.01636 0.0186165 0.0860365
0.030938 0.017404 0.085588
0.033149 0.014685 0.086474
0.014256 -0.0115271 0.111491
0.0087947 -0.0126615 0.112626
0.0028639 -0.00963831 0.115598
0.026776 0.0229372 0.0902004
0.0277439 0.017764 0.084574
-0.035713 -0.00380186 0.111487
0.0048588 -0.00976042 0.11572
0.016273 -0.0107158 0.11068
0.032606 0.016144 0.085376
0.017942 0.0201025 0.0880665
0.01048 0.0191558 0.0850058
-0.0051581 0.0192705 0.0850715
-0.034788 0.00234527 0.106088
0.01198 0.0191505 0.0855025
0.029109 0.0185325 0.0847035
-0.0029819 -0.00955899 0.115519
-0.00093988 -0.00983801 0.115798
0.00095566 -0.00974905 0.115709
-0.037328 -0.00363633 0.111322
-0.0066399 0.0189885 0.0853535
0.019377 0.0201575 0.0880115
0.0090748 0.0191827 0.0849788
-0.0087359 -0.0096925 0.115653
-0.0068054 -0.00964932 0.115609
-0.035356 0.000916482 0.107517
-0.0048582 -0.0097025 0.115663
-0.036151 -0.000874168 0.109307
-0.0080497 0.01887 0.085472
0.022449 0.020068 0.088101
0.020806 0.0202405 0.0879285
0.0076574 0.0192233 0.0849383
-0.010676 -0.00958216 0.115542
-0.0095036 0.018857 0.085485
0.024002 0.0200125 0.0881565
-0.010975 0.0186865 0.0856555
0.025437 0.0201395 0.0880295
-0.012434 0.0185975 0.0857445
-0.036151 -0.00381336 0.106367
0.0087947 -0.00786935 0.117417
0.034941 0.00972342 0.0925385
0.03446 0.0110647 0.0911973
0.034156 0.0122965 0.0899655
0.033813 0.013551 0.088711
-0.029362 0.0204298 0.0901588
-0.034788 -0.000445151 0.103298
0.036811 0.00928385 0.098164
0.0279004 0.0189124 0.0856491
-0.0022554 0.0182985 0.0858155
-0.00083572 0.018292 0.085822
0.0019958 0.0183295 0.0857845
0.0048383 0.0183025 0.0858115
0.00058383 0.0183355 0.0857785
0.0034018 0.0183945 0.0857195
-0.035356 -0.00202234 0.104577
0.012278 -0.00647113 0.116017
0.014256 -0.00673671 0.116283
0.016273 -0.00592586 0.115472
-0.026684 0.020396 0.090257
-0.02505 0.020617 0.090036
-0.023543 0.0206515 0.0900015
-0.02194 0.020806 0.089847
-0.020251 0.02099 0.089663
-0.018764 0.0209255 0.0897275
-0.017184 0.0210355 0.0896175
-0.015602 0.0213115 0.0893415
-0.013977 0.0215885 0.0890645
-0.012434 0.021753 0.0889
-0.010975 0.021842 0.088811
-0.0095036 0.0220125 0.0886405
-0.0080497 0.0220255 0.0886275
-0.0066399 0.022144 0.088509
-0.0051581 0.022426 0.088227
0.0048383 0.0172118 0.0847208
0.0034018 0.0173037 0.0846288
0.0019958 0.0172387 0.0846938
0.00058383 0.0172448 0.0846877
-0.00083572 0.0172013 0.0847313
-0.0022554 0.0172077 0.0847247
0.025437 0.0190277 0.0869178
-0.0280084 0.0198076 0.0896034
-0.0051581 0.0183138 0.0841148
0.0076574 0.0181841 0.0838991
0.0090748 0.0181436 0.0839396
0.01048 0.0181166 0.0839666
-0.00532346 0.0120753 0.0945281
-0.00348618 0.00815894 0.0929161
-0.00940735 0.0141432 0.0945349
-0.00922881 0.0164889 0.0929503
0.0028639 -0.0122662 0.112969
0.0048588 -0.0123887 0.113092
0.00095566 -0.012377 0.11308
-0.00093988 -0.0124657 0.113169
-0.0029819 -0.012187 0.11289
-0.0048582 -0.0123313 0.113034
-0.0068054 -0.0122774 0.11298
-0.0087359 -0.0123212 0.113024
-0.010676 -0.0122108 0.112914
0.0124149 -0.000289417 0.106141
-0.00701962 0.0194444 0.0897966
-0.0292429 0.00321312 0.106672
0.00368171 -0.00495731 0.109189
-0.0210213 0.00583721 0.103451
0.0261442 5.18049e-05 0.10847
-0.00443927 0.00390645 0.101487
-0.0289105 0.00637209 0.103723
-0.032861 0.00903955 0.101603
0.00388652 0.0166022 0.0876656
0.0220447 0.00374988 0.103882
-0.00274177 -0.00115176 0.106164
-0.031285 0.0143503 0.0962913
-0.031465 0.0132302 0.0974115
-0.031666 0.0121864 0.0984552
-0.0134639 0.00261961 0.104807
-0.0178361 0.00403955 0.104794
-0.0141625 0.0185597 0.0899908
-0.0175567 -0.00753621 0.111372
-0.010676 -0.00778808 0.117336
-0.0087359 -0.00789837 0.117446
-0.0068054 -0.00785565 0.117404
-0.0048582 -0.00790836 0.117456
-0.0029819 -0.00776532 0.117313
-0.00093988 -0.00804449 0.117592
0.00095566 -0.00795538 0.117503
0.0028639 -0.00784475 0.117393
0.0048588 -0.00796656 0.117515
-0.00215573 -0.0085208 0.11013
-0.0285439 0.0108354 0.098767
0.00180412 0.0033104 0.102154
-0.0111241 0.00643795 0.101598
0.0051498 -0.00132433 0.109253
0.0258506 0.00256562 0.105868
0.0267683 0.0151511 0.0922922
0.0125983 0.0172102 0.0892008
0.015604 0.0148892 0.0918848
0.0282602 0.0112714 0.0954985
-0.0267283 -0.000576616 0.110277
0.0125626 -0.00276104 0.109875
-0.0235004 0.00473465 0.104544
-0.0177601 0.0189803 0.0907447
-0.00217177 0.0112313 0.0926339
0.00625662 -0.00229579 0.105209
-0.00920565 -0.00614957 0.110289
-0.0125819 0.00307183 0.107022
-0.0111998 0.0110429 0.0977488
-0.00510542 0.00142856 0.0988865
-0.00358672 0.00202121 0.106741
-0.0273603 0.0153235 0.0955295
-0.00331621 0.00463009 0.0959837
0.000418441 -0.00541751 0.106666
0.0189137 0.0115077 0.0952623
-0.00169477 0.0146202 0.0936655
0.0323249 0.0114203 0.0906921
0.0309777 0.0134145 0.0950204
0.0106615 -1.18285e-05 0.108883
0.00284747 0.00669003 0.101702
0.00624377 0.00205187 0.10329
-0.0282086 0.0179424 0.0925646
-0.0273064 0.00454665 0.105163
0.0123502 -0.0030588 0.104806
-0.00014449 -0.00276018 0.104469
0.0186061 0.0104967 0.0930755
-0.00742967 0.000790545 0.103895
-0.00325294 0.00761868 0.0993035
-0.00364908 0.00538714 0.0931868
0.00273134 0.0108742 0.0963667
0.0164959 0.0136459 0.0952299
0.0223034 0.0175417 0.0907223
0.00042776 0.00145636 0.106094
0.0184088 0.00853924 0.098482
-0.00448683 0.0169634 0.0893385
0.0274648 0.0129256 0.0911911
-0.00544514 -0.00317152 0.109636
-0.0137795 0.0158099 0.0939281
0.00441918 0.00762654 0.0980929
-0.0291966 0.0132401 0.0966514
0.029109 0.0216705 0.0878415
0.030938 0.020664 0.088848
0.032606 0.02014 0.089372
0.033149 0.0188615 0.0906505
0.033813 0.017176 0.092336
0.034156 0.0159215 0.0935905
0.03446 0.0146895 0.0948224
0.034941 0.0133485 0.0961635
-0.029967 0.0190533 0.0915883
-0.030189 0.0179712 0.0926702
-0.030394 0.0169003 0.0937413
-0.0114974 0.0194789 0.0899321
-0.000610224 0.00924298 0.0954962
-0.00133827 0.0166978 0.0880966
-0.0033944 -0.00226151 0.103375
-0.00330088 0.0171689 0.0920646
-0.000626945 0.000664184 0.101338
0.0296713 0.0193923 0.0905488
0.0119244 0.0144354 0.0933186
-0.00431781 0.0174162 0.086896
0.0144963 0.00760274 0.0986804
0.00716052 0.0156909 0.0908145
0.00948281 -0.00601519 0.115249
-0.000165414 0.0123068 0.0964247
0.0234948 0.0195573 0.0905792
0.00372745 0.00950695 0.0999499
0.0260424 0.00942527 0.0983509
0.0090748 0.0224287 0.0882247
0.0076574 0.0224693 0.0881843
0.01048 0.0224018 0.0882517
0.01198 0.0221507 0.0885027
0.013381 0.0221303 0.0885232
0.014846 0.0219417 0.0887118
0.01636 0.0216167 0.0890367
0.017942 0.0213447 0.0893088
0.019377 0.0213997 0.0892538
0.020806 0.0214828 0.0891707
0.022449 0.0213102 0.0893432
0.024002 0.0212547 0.0893987
0.025437 0.0213818 0.0892717
-0.00260925 0.0149038 0.0903057
-0.0114344 0.0147394 0.0954927
-0.00083572 0.0193058 0.0868357
0.00058383 0.0193492 0.0867923
-0.0022554 0.0193122 0.0868293
0.0019958 0.0193432 0.0867983
0.0034018 0.0194083 0.0867333
0.00353845 -0.00452272 0.105316
0.00602188 0.0159534 0.0870977
0.00357998 0.00127492 0.100793
-0.0187446 -0.00137412 0.109227
0.0221334 0.0137087 0.0934817
0.00858114 0.0116134 0.094951
0.040162 0.0038881 0.109245
-0.00222812 -0.00491181 0.105178
0.0120712 0.00279305 0.106355
0.0285589 0.00767568 0.100423
0.0226255 0.0175101 0.0928757
-0.00570815 -0.00624156 0.113997
-0.000276005 -0.00337726 0.110607
-0.0194144 -0.00420811 0.112199
0.00405025 0.018423 0.0903927
0.0012739 0.019036 0.0902295
-0.00230511 -0.00750241 0.10713
0.0251062 0.0138999 0.094798
-0.00319747 0.0121407 0.09694
-0.0234656 0.0191063 0.0913427
0.0256993 0.0121038 0.0970972
0.00914489 0.0167045 0.0882361
-0.00817006 0.0115203 0.0944606
0.0228346 0.0117745 0.0921939
0.0159809 -0.0021723 0.106333
-0.0156921 0.00860492 0.101639
-0.013503 -0.00829478 0.116049
-0.01192 -0.00233416 0.107472
0.0081095 0.00616712 0.100606
0.0182705 0.0154986 0.0934229
0.00491978 0.0149999 0.0895359
0.00284551 0.0146551 0.089317
-0.00160827 0.00208959 0.0982909
-0.00772917 -0.00915826 0.108837
-0.00596264 0.00722633 0.101394
-0.00238974 -0.011353 0.110237
-0.0305898 -0.00111064 0.11022
-0.0301112 0.00800093 0.100674
0.00906431 -0.0100532 0.109647
0.0222345 0.00890609 0.0984173
-0.021309 0.00785688 0.102279
0.0123092 0.0117866 0.0962066
-0.00471181 0.0108665 0.0923273
0.0321911 0.00949086 0.0931952
-0.0332691 -0.00129422 0.108478
0.00442189 0.0180349 0.0924604
0.00275495 0.0113087 0.0987168
-0.035713 -0.00243953 0.112849
-0.037328 -0.00227488 0.112684
-0.034041 -0.0028774 0.113287
-0.032405 -0.00325535 0.113664
-0.030609 -0.00343568 0.113845
-0.028803 -0.00367457 0.114083
-3.02714e-06 0.0174571 0.0921196
-0.00182155 -0.000843571 0.100265
-0.0155933 0.00559008 0.103375
-0.0186378 0.00677712 0.102875
0.0408265 0.00219905 0.11094
-0.00180328 0.0137726 0.0964648
-0.0308287 0.000922319 0.10827
-0.0108919 0.000370388 0.104083
0.018792 0.019022 0.0903892
-0.0140969 0.00437356 0.10603
0.0210859 -0.00113224 0.108968
0.0141142 0.0190253 0.0905894
-0.00446994 0.0125862 0.0909555
-0.00688557 0.0115199 0.0925731
0.00756239 0.0126214 0.0919553
-0.000227426 -0.00638852 0.114144
0.0060209 0.00729867 0.0962671
-0.00468457 0.0201395 0.0899442
0.0112556 0.00248019 0.102598
0.0221916 0.00831915 0.101309
0.0038404 -0.00895193 0.109422
0.012169 -0.00630889 0.107924
-0.00175381 0.00967151 0.100102
0.0358072 0.0110375 0.0966619
0.000585268 0.0103349 0.0995015
-0.00787711 -0.00748294 0.106373
0.02607 -0.0032966 0.1124
0.016312 0.006258 0.0975927
-0.00573232 -0.00919239 0.112524
-0.00579137 0.00899635 0.0937701
0.00722724 0.00102019 0.106924
-0.00662464 0.0178086 0.0874482
0.009294 0.00946771 0.0936553
-0.0108166 -0.00282623 0.111042
0.0048383 0.021572 0.089081
0.0034018 0.021664 0.088989
0.0019958 0.021599 0.089054
0.00058383 0.021605 0.089048
-0.00083572 0.0215615 0.0890915
-0.0022554 0.021568 0.089085
-0.00734274 -0.00207424 0.111643
0.011422 -0.00433156 0.112825
0.00127476 0.0167624 0.087754
-0.00834548 0.016969 0.0902304
0.00158872 0.00746337 0.0968014
0.0106733 -0.00524394 0.104984
0.00845484 0.00419748 0.104541
0.0231349 0.00118296 0.107938
0.00184392 -0.00770748 0.1061
-0.0279584 0.0207705 0.0905687
0.00758116 0.0135529 0.0895582
-0.00638596 0.00953257 0.0984395
0.0169693 0.0159698 0.0894897
0.0127678 0.0080555 0.0963012
0.00357064 0.00309598 0.105349
0.00503143 0.00810878 0.101775
0.0316195 0.00933528 0.0982108
0.0145798 0.0145827 0.0894428
0.0158023 -0.000796653 0.10955
0.0145117 0.0116318 0.0929879
0.0189223 0.00584589 0.101538
0.0294626 0.0114894 0.091344
0.00453299 0.0109084 0.100217
-0.00368638 -0.00124585 0.110638
0.00161692 -0.000635168 0.108808
-0.00864491 0.0109845 0.0985865
0.00163403 0.00875649 0.101205
0.00656437 -0.00767167 0.107506
0.00146208 0.0127921 0.0929046
0.00268819 0.00891556 0.0950198
0.000482896 0.0029577 0.107603
0.0306812 0.0120114 0.0975536
-0.0158426 0.0171888 0.0926302
0.0229628 0.0139507 0.0909584
0.00166526 -0.00883683 0.112294
0.0126406 0.0207229 0.0898228
-0.03378 0.00717048 0.103615
-0.0286164 -0.00126551 0.111328
0.0266279 0.0190723 0.0903389
-0.013496 0.00021084 0.103748
0.0136838 0.000246737 0.103276
-0.0307938 0.00464672 0.105084
0.00826451 0.0200501 0.0893611
0.0240961 0.0106371 0.0994132
0.0148523 0.0155045 0.0942871
-0.00190813 0.0114749 0.0987059
-0.00543669 0.000335495 0.1086
-0.0116833 -0.00573422 0.113611
0.00827809 0.0172997 0.0861354
-0.00229828 0.00238368 0.0959411
-0.0133623 0.00411367 0.102661
0.00869459 0.0177877 0.0917317
0.0115546 0.00732281 0.100805
-0.016567 -0.0105398 0.112956
-0.018492 -0.0105515 0.112968
-0.020785 -0.00961509 0.112031
-0.00344517 0.00830186 0.101777
0.0019348 -0.0110075 0.110323
-0.00917565 -0.00400711 0.113335
0.0308222 0.00698516 0.102114
0.0103064 0.0164665 0.0863759
0.00155386 0.00299347 0.098791
0.0122882 0.0098858 0.0988584
0.0190001 0.00136927 0.105892
-0.0328683 0.00215387 0.105135
-0.0079683 0.00912565 0.0948535
0.0238274 0.00669895 0.0994988
-0.00703058 0.0137666 0.095741
-0.0103202 -0.00264801 0.104435
0.0144987 0.00488249 0.102166
0.0282752 0.00989743 0.100461
-0.00957148 0.0014454 0.107051
-0.0118854 -0.00894151 0.109607
0.0155235 0.00248597 0.106105
0.0271789 0.0211684 0.0882429
0.0290176 0.0162741 0.0932914
-0.00442805 0.0114308 0.098796
-0.012215 -0.00595409 0.10686
0.0185638 0.0125067 0.0975984
-3.82846e-06 -0.00858936 0.107724
-0.0261839 0.00284149 0.107016
0.000987642 0.0142086 0.0961466
-0.03083 0.0156193 0.0950223
0.00875075 0.0146873 0.0883035
0.00276749 0.0151576 0.0940273
0.00751811 0.00925019 0.098875
0.00774729 0.0123981 0.097445
0.00681468 -0.00112704 0.102784
-0.00189137 0.0040795 0.105559
0.0268962 0.0143086 0.0960418
-0.0161815 0.00171089 0.106737
0.0318891 0.0165356 0.093523
-0.00552335 0.00378152 0.10604
-0.0315287 0.00722636 0.103332
0.0202613 0.018069 0.0887636
0.000224916 0.0103702 0.0928895
-0.00645419 0.0168564 0.0925756
0.00381237 -0.00547198 0.113261
-0.00460213 0.0165689 0.0937484
-0.0155426 -0.00436168 0.112421
0.0245453 0.0161305 0.0937591
-0.00438621 0.000104913 0.101465
-0.0282806 0.00818027 0.102245
-0.00600177 0.00620803 0.0961523
-0.0122236 0.0173706 0.0919191
0.00510158 0.0130858 0.0954978
0.0167742 0.00870782 0.100969
-0.0271358 0.0166502 0.0941704
-0.0225403 -0.00340222 0.112217
0.0248743 0.0057455 0.102922
-0.00718965 0.00230397 0.10761
-0.00145264 0.0191658 0.0902452
0.00995256 0.0210334 0.0895573
0.0214945 0.0152136 0.0950868
-0.027501 0.00986332 0.100534
0.00023025 0.0151678 0.0896764
-0.0340398 -0.00152421 0.111005
0.00452907 0.00965528 0.101405
0.00729144 0.0089525 0.0949753
0.012278 -0.0127627 0.109729
0.0148549 -0.00577502 0.110653
0.022373 -0.0048771 0.11289
0.00778643 0.0157215 0.0868425
0.0187291 0.00298193 0.102444
0.0124309 0.0143081 0.0887259
-0.0315387 0.00322671 0.106728
-0.00949364 0.00254834 0.102255
0.0281351 0.0184854 0.0917941
0.0201921 0.0137258 0.096388
-0.0257654 0.0183222 0.0920188
-0.0152378 -0.000745683 0.10914
-0.00138214 0.00821372 0.0926973
0.0206532 0.00950461 0.0961775
-0.00219462 -0.00406488 0.113098
-0.0177511 -0.00558521 0.108919
0.0275667 0.0113697 0.0985529
0.0175378 0.00115609 0.108642
0.0314038 0.019247 0.091445
0.0060391 0.0115174 0.0986407
0.0124504 0.0119629 0.0983413
0.0205433 0.0135117 0.0915306
-0.00372745 -0.0097584 0.108016
0.0170871 0.0174795 0.0919123
0.0159249 0.0125569 0.0912174
-0.0057296 -0.0112801 0.110337
0.020056 0.0171618 0.0924462
0.0100821 0.01956 0.0910578
0.0131808 0.0168675 0.0923143
0.00424171 0.013017 0.0917227
0.0287294 0.00839396 0.0975195
0.0190285 0.00417264 0.105089
0.0136609 0.013906 0.0958577
0.0273607 0.0177399 0.0932503
-0.00904899 0.0184456 0.0918083
0.00168528 -0.00229112 0.102609
0.0311938 0.00906247 0.095611
0.0016451 -0.00161811 0.111325
-0.00186195 0.000263097 0.109071
-0.0106669 0.00109443 0.109112
0.0115271 0.0183319 0.0921127
-0.00148669 -0.00885998 0.113025
-0.00599688 0.0154622 0.0949388
-0.00120846 0.0141129 0.0895183
-0.010489 0.0116155 0.0954123
0.023133 0.0180307 0.0887076
0.0249423 0.0155314 0.0905239
-0.00785187 -0.00590201 0.11573
0.0106752 0.0188509 0.0882673
-0.00184406 0.0125475 0.0909133
0.00903683 0.0109422 0.0919955
-0.0151531 -0.00175417 0.10515
0.0149658 0.0181738 0.0882372
-0.0308631 -0.000903357 0.108421
0.00174942 -0.00400324 0.11428
-0.00927148 0.0138438 0.0966797
-0.00860048 -0.00165169 0.108391
0.0206437 0.0158135 0.0900395
0.0359167 0.00895959 0.0949391
0.0120611 0.0112575 0.0998412
-0.0212632 0.00315146 0.105519
0.0126859 0.016255 0.0869411
-0.00109463 0.00547527 0.101402
0.00355373 -0.00302142 0.112862
-0.0266755 0.0125988 0.0978692
0.00514457 0.00122372 0.108542
-0.031666 0.00999462 0.0962632
0.00106707 0.00602328 0.103766
1.91477e-05 0.00764799 0.102466
-0.032259 0.00853679 0.0976476
-0.0124739 0.00545843 0.104947
-0.00724776 -0.00416266 0.105323
0.00822339 0.00646257 0.103219
0.010316 0.00421473 0.105899
-0.00874949 0.0186379 0.0882903
0.0208351 0.010615 0.0994867
0.0149168 0.00831989 0.0949825
0.00120529 0.0134559 0.0907678
0.0172139 0.000768751 0.103491
0.00973673 0.0108065 0.0984584
0.0294976 0.0135632 0.0904934
0.010546 0.0138574 0.0956564
-0.00370656 0.00591806 0.10365
-0.0248083 0.0080562 0.102092
0.0131251 0.0127822 0.0909175
-0.00262554 0.0140067 0.0889836
0.00254541 0.00299831 0.107559
0.022373 -0.0035964 0.11417
0.0076574 0.0202251 0.0859401
0.0155933 -0.00138308 0.1039
-0.0115591 0.0185148 0.0879558
0.0142614 -0.00488404 0.105502
-0.00876106 0.00810028 0.0974848
-0.0121431 0.0085756 0.0997028
-0.00908433 -0.011506 0.110147
-0.00556805 -0.00364178 0.114124
-0.0146404 0.00294191 0.107518
-0.029362 0.0210669 0.0907959
0.00868715 -0.00345505 0.104446
-0.0305005 0.00945092 0.0977509
0.0142798 0.01117 0.0994096
-0.036151 0.000302066 0.110484
-0.000121933 0.00235294 0.108945
0.0204224 -0.0025295 0.111822
0.0123996 0.0105074 0.0922169
0.0207367 0.0066224 0.098534
0.029932 0.00977831 0.103357
0.031001 0.00995972 0.103179
-0.031291 -0.00125468 0.114395
0.0178003 0.0107649 0.0993457
-0.032259 0.0107653 0.0998743
0.00477446 0.00535739 0.103673
0.00996406 0.00433061 0.0998655
0.0276206 0.0200727 0.0869404
0.0267383 0.0191238 0.0864046
0.00969408 0.00759179 0.097165
-0.0325221 -0.00331502 0.110188
-0.0333467 0.00600534 0.10062
0.00283072 0.0183169 0.0885604
0.0337666 0.00852113 0.104615
-0.0229877 0.0164224 0.0941906
-0.00431682 0.0234193 0.0897177
-0.0310227 0.000687022 0.110098
-0.0250864 0.016675 0.094201
0.0138191 -0.00886587 0.109747
0.0169257 0.00424507 0.101053
-0.00369936 0.0139601 0.0966308
0.0138973 0.00438642 0.105464
-0.00319731 0.0158197 0.0949138
0.0171323 0.00397713 0.106177
0.0258392 0.0112387 0.0938943
-0.0333205 0.0093164 0.10382
0.0299555 0.00508855 0.104407
0.0144202 0.00126686 0.10833
0.0059572 0.00543676 0.0981905
0.0170794 0.0179486 0.0879444
0.0229764 0.00892195 0.0961397
-0.00858272 -0.00134387 0.103084
-0.035713 -0.00530163 0.109989
-0.034041 -0.00573866 0.110426
-0.037328 -0.00513512 0.109822
0.029109 0.0225768 0.0887478
-0.0295207 0.00992456 0.100482
0.0278258 0.0157081 0.0948633
0.00579444 0.0155749 0.0934771
0.0321677 0.00745223 0.0969696
0.0304244 0.0174267 0.0890963
0.0081747 0.00197056 0.101267
0.0126416 0.0183558 0.0873847
0.0109916 -0.00101783 0.103356
0.00723725 0.0193013 0.0911368
0.0323855 0.0113491 0.0988704
0.0157955 0.0122214 0.0974254
0.0106606 0.00582584 0.103882
-0.0331376 0.00106975 0.108981
0.0281979 0.0160426 0.0902831
-0.00368709 -0.000203489 0.111681
-0.00167457 0.0168165 0.093507
0.0105364 -0.012712 0.111177
-0.00324349 0.0157822 0.0880136
0.0319046 0.0131182 0.0926122
0.00269367 0.0107527 0.0934184
0.00617632 0.00340871 0.106112
-0.00839714 0.00623326 0.102878
0.0300235 0.0216204 0.0887979
0.015987 0.0200711 0.0904053
-0.000128632 0.0184627 0.0886925
0.00560808 0.0110885 0.0934551
0.0298388 0.0097949 0.0929753
-5.00191e-05 0.00359917 0.0967734
0.0102783 0.000362191 0.101654
0.0104233 0.0157744 0.0944113
0.00742608 -0.00414991 0.111675
0.0137345 -0.00597117 0.113291
-0.00785183 -0.00793696 0.113736
0.0303944 0.0159096 0.0946977
0.0240201 0.00454566 0.101021
0.0133448 0.00526567 0.0996615
-0.00863803 0.00375791 0.105533
0.00554574 -0.0060803 0.115465
0.036811 0.0107064 0.099587
0.0342274 0.00908977 0.0997806
0.0131209 0.00311987 0.101091
0.0254077 0.0176981 0.0929006
0.0152127 0.0175067 0.0864198
0.010439 0.0154866 0.0907248
0.0313908 0.0141602 0.0989768
0.0241278 -0.00374558 0.113039
0.0257167 0.0172712 0.0892223
0.0269351 0.0188637 0.0883758
-0.00472299 0.0187523 0.0916183
-0.0288931 0.0160901 0.0946789
0.0320076 0.0137245 0.0902368
-0.0312475 0.0035482 0.108022
-0.00093988 -0.00714624 0.118491
0.00604573 -0.010261 0.10839
0.0110861 0.00886944 0.0949633
0.00441841 0.0126943 0.0976088
-0.0126885 -0.000467536 0.110023
-0.00901241 0.020323 0.089931
0.033017 0.00456647 0.106021
0.0048383 0.0193163 0.0868253
-0.000244009 0.0156648 0.0948113
0.0065187 0.0180291 0.0870987
-0.013832 -0.00414492 0.105545
-0.0136258 0.00706315 0.101582
-0.0286267 0.000385701 0.109944
0.037015 0.00051064 0.112625
0.0300235 0.018692 0.0858695
-0.00354252 0.0186987 0.0884565
-0.00931024 0.0160352 0.0947887
0.00458899 -0.0028077 0.103169
-0.0136729 -0.0115516 0.112745
0.0145175 0.00941227 0.100973
0.033406 0.0081475 0.0946818
0.0239362 -0.00118385 0.110451
0.0310184 0.00506532 0.0986013
-0.0135712 0.000280534 0.106722
-0.00157128 0.00236287 0.10897
0.0106165 0.0126145 0.090979
-0.00213573 -0.0058232 0.115812
0.00663063 -0.0135759 0.111817
0.0210197 0.0194355 0.0907072
0.00910095 0.00528529 0.106119
0.0322763 0.0150827 0.0952375
0.0084229 0.00312203 0.106831
-0.00376956 -0.00217043 0.112604
-0.0054157 -0.000228956 0.113365
-0.00559702 -0.000973208 0.111406
0.00524282 0.01847 0.0886853
0.018179 -0.0047255 0.114275
0.00742387 0.0142332 0.096051
0.00926088 0.0153988 0.0866574
0.0214507 0.0103608 0.0938663
0.017056 0.00697229 0.10296
0.0056294 0.0033812 0.100319
0.0284308 0.0210596 0.0896667
-0.0329572 0.00266186 0.107907
-0.0317633 0.0044498 0.107194
0.00681984 0.0234445 0.0896925
0.025437 0.0220029 0.0898929
-0.0275689 0.0216598 0.0914772
0.0105061 -0.00865596 0.107554
0.0312495 0.0100727 0.100238
0.0106937 0.0131228 0.0977195
0.0102095 0.00596908 0.105329
0.00708251 -0.00153692 0.111117
-0.00948243 0.00903274 0.100388
0.00135266 0.0167467 0.093646
0.0303806 0.0177097 0.0928361
-0.00370675 0.021376 0.088035
0.0048383 0.022193 0.089702
0.00624794 0.0213997 0.0880116
-0.000119641 0.00327172 0.109864
0.0266845 0.0219491 0.0892551
0.0278952 0.0222975 0.0890367
0.032525 0.0132893 0.0968047
0.0296948 0.0136629 0.0966803
-0.0322567 -0.00184586 0.112095
0.0087947 -0.0140548 0.111233
-0.0313481 -0.00255973 0.109013
0.00567026 0.0209536 0.0903204
0.00802708 0.0083102 0.101693
-0.00178716 -0.00140848 0.111844
0.0059902 0.0222384 0.0890143
-0.0022554 0.022189 0.089706
0.00281965 0.020277 0.090281
0.00402946 0.0221527 0.0909843
-0.00952123 -0.00970402 0.112286
-0.0175519 -0.00593434 0.113777
0.0216483 0.0124074 0.0979398
0.00242429 0.00534043 0.0967478
-0.00155242 0.0220581 0.0910789
-0.016567 -0.0117324 0.111763
-0.0108765 -0.00830228 0.107163
0.0264156 0.0209172 0.0903574
0.0185591 0.0058301 0.0991643
0.00485554 -0.00679834 0.105673
-0.00316085 0.0208656 0.0904084
-0.030165 -0.000910427 0.112043
0.029109 0.0230299 0.0892009
0.0259435 0.0092435 0.0956795
0.0132639 0.00748584 0.102648
-0.00510788 0.00957255 0.100533
-0.00155216 0.0211541 0.0901199
0.0104263 0.00949771 0.100444
-0.0147293 -0.00947881 0.110703
0.0300235 0.02298 0.0901575
0.0249449 0.0207474 0.0905272
0.0203659 -0.0045319 0.113825
0.00430752 0.021046 0.090228
-0.00376836 0.000644524 0.109791
-0.0182005 0.00221159 0.107979
-0.0296622 0.0200521 0.0911735
-0.00580815 0.0149154 0.0908301
-0.0284244 0.0193002 0.0917945
0.0303668 0.0153825 0.0897529
0.011415 0.00603855 0.0982024
0.0155901 -0.00295859 0.11218
0.0273813 0.0230788 0.0900586
-0.00397488 0.0223939 0.0888943
0.0287651 0.0221033 0.0896744
-0.0106943 0.00472288 0.105822
-0.0055485 -0.00625202 0.105698
-0.00171374 0.00787895 0.10526
-0.000487242 0.00734153 0.105793
0.0172835 0.00552448 0.105652
0.0252871 0.0121032 0.0918733
0.0275716 0.0102848 0.0928012
-0.00306744 0.0221185 0.0891555
-0.000120435 0.00558378 0.105179
0.0159099 0.00425087 0.104069
-0.010518 0.0173821 0.0896479
0.00885622 -0.00330438 0.108248
-0.024076 0.0154749 0.0943978
-0.0307994 0.0107698 0.100358
0.00733093 0.0170811 0.0935759
-0.00196089 -0.00610875 0.11925
-0.0029819 -0.00686741 0.118212
-0.000105636 -0.00618462 0.11666
-0.034441 0.00468305 0.106103
-0.034302 0.00576441 0.105023
-0.0326546 0.00422023 0.105476
0.018179 -0.00382825 0.115172
-0.0271615 0.020938 0.0921995
0.0298461 0.0223978 0.08938
0.0209806 -0.00348535 0.114691
-0.0149113 -0.0122102 0.111743
-0.00136301 0.00643154 0.104943
0.0166409 -0.00342934 0.113876
0.0184454 -0.00172389 0.11486
-0.0267582 0.0195085 0.0915919
0.030938 0.0215705 0.0897545
-0.00131762 0.00472657 0.103497
0.0190299 -0.00308697 0.113534
-0.00265858 0.00186629 0.103438
CLUSTEROFFSETS 31
206
300
462
615
681
854
957
1250
1421
1644
1834
2066
2238
2451
2511
2711
2960
3031
3126
3352
3438
3657
3776
3933
4050
4323
4503
4599
4729
4911
5021
CLUSTEINDICES 5021
246
245
244
1786
243
1940
2394
2131
2041
268
1032
267
1031
266
1030
2044
2099
1029
265
264
1028
263
2270
2148
2229
2255
290
1054
1053
289
1052
288
1051
287
286
1050
1819
2163
285
1049
2083
1984
1076
310
1074
311
1075
1073
309
2076
308
1072
1914
307
1071
306
1070
2320
2395
2065
1829
2019
2375
1802
1096
1095
331
1094
330
329
1093
1761
2074
1092
328
1091
327
1090
1568
2383
2174
2248
1996
1803
2029
1847
1805
1820
352
1116
351
1115
1766
1114
350
349
1113
2427
348
1112
347
1111
1110
346
2022
1887
2061
2130
1934
1540
2355
1955
2396
1912
2310
2420
2425
2154
1136
1132
368
370
1134
1569
369
1133
371
1135
366
1130
1131
367
1849
2397
1892
1817
2194
2402
2345
2261
2160
1806
1825
2003
385
1957
386
1150
1151
387
1156
1152
388
1154
390
1153
389
391
1155
2159
2034
1542
1977
1997
1999
2129
2127
1785
405
1170
406
1171
407
2363
1175
411
408
1172
410
1174
1173
409
2178
1812
1880
1987
1882
426
427
1191
428
1192
1194
430
429
1193
2303
2203
2157
2327
447
448
2254
1813
1798
2060
1256
1257
1258
1974
1274
1275
1276
1954
1277
1278
1712
1557
1794
1294
2265
1295
2216
1296
1297
1595
1713
1298
1658
2183
2225
2093
1313
1314
2046
2390
1315
1991
1316
552
1904
1555
1665
1714
1317
2421
1332
1333
569
2109
1334
570
1552
2415
1335
2322
571
1349
2422
1350
2036
2426
1351
587
588
1352
1366
2381
1582
2195
1367
603
2418
1943
604
1368
2179
605
1369
2094
1383
1980
1384
620
621
1385
2307
2279
1576
1399
1400
636
1959
1401
637
1760
1416
652
1563
1578
1403
1404
1824
653
1870
1417
1686
1890
654
1418
1419
2137
1420
1421
1857
1691
1871
1432
668
669
1433
2073
670
1434
671
1435
2138
2380
1436
1437
2275
1872
1693
683
1736
1447
2332
2280
684
1448
685
1449
1450
686
2367
1451
2011
2346
2206
1789
1661
1452
2281
697
1461
1453
2047
698
1462
2125
2391
1828
2205
699
1463
1662
2235
2347
1704
700
1464
1583
2100
1475
711
2247
1465
701
1466
2328
1467
2393
712
1476
2048
1489
2372
725
1833
2233
1672
1604
1477
713
714
1478
2172
1479
715
1850
1480
2417
1481
726
1490
2256
2300
2379
2388
2341
2267
2238
727
1491
728
1492
739
1503
1603
2424
1656
1834
1810
1493
729
1494
2110
1495
1504
740
2064
2252
2284
741
1505
2316
1506
742
1602
1666
1835
752
1516
1507
1508
753
1836
1517
1601
1657
1518
754
1700
1837
1600
1699
1838
1519
1599
1598
1839
1520
1639
1768
770
5
769
1638
1767
1637
4
2055
768
787
3
1843
1636
767
1635
2
766
1842
22
786
765
1841
1
1634
21
785
2385
0
2189
1701
1633
764
784
20
1832
19
783
804
2283
18
782
39
803
17
781
1572
2387
802
38
1814
37
801
1737
1982
800
36
2333
56
820
1804
55
819
799
35
2416
2080
54
818
2423
798
1632
34
1715
2156
817
53
73
837
2102
72
836
52
816
835
71
2215
51
1716
1631
815
834
70
854
90
1543
833
69
2406
89
853
68
832
1630
1717
88
852
1899
87
851
2212
850
86
871
107
870
106
869
105
1629
85
1718
849
104
868
867
103
123
887
122
886
1628
866
102
1719
121
885
120
884
119
1627
883
1720
139
903
138
902
1796
901
137
900
1721
153
152
2028
172
1591
171
170
1893
1592
2027
192
191
190
189
2107
1773
2361
212
2365
1593
2026
976
211
210
209
2072
2419
2378
1564
996
232
231
230
2304
229
1906
252
2050
251
2045
250
2020
2366
1774
1689
273
1754
272
271
2360
1799
2186
1775
1753
294
1680
293
292
2266
1913
1681
1752
315
314
1961
2117
1695
2193
1560
779
15
1684
1682
14
778
1559
1711
796
32
1670
777
13
1556
1702
776
2412
1549
1648
12
2413
11
775
1644
1646
31
795
2089
774
1643
1647
10
2009
794
30
49
813
2209
2223
1924
29
793
2246
28
792
2329
2037
1649
1642
773
1763
9
48
812
1567
2414
791
27
1550
2208
47
811
2161
8
1641
2202
772
1650
2350
810
46
790
26
66
830
2330
45
809
2098
2066
2352
2285
829
65
25
789
808
44
1544
2214
828
64
2145
1939
2407
2014
43
807
1916
63
827
2191
1531
1546
1554
847
2371
826
62
1917
806
42
825
61
846
82
1565
2234
845
81
60
824
1757
1551
844
80
1762
1566
2298
2010
823
59
2075
843
79
863
99
842
78
862
98
77
841
2087
1815
861
97
840
76
1793
96
860
2053
859
95
115
879
858
94
857
93
114
878
2175
877
113
112
876
111
1795
2031
1775
1058
1680
1057
1056
2139
2266
1973
1681
1752
1776
1079
1078
1077
1961
2117
1891
2320
2187
1829
2319
1777
1099
1683
1751
1098
1097
1096
1568
2318
2248
1996
2410
1778
1119
1750
1673
1118
1117
1116
1915
1896
2106
1783
2312
2409
2355
2133
1137
1136
1138
1779
1749
1139
2286
1674
1574
1892
1948
2411
2052
1156
1157
1158
1748
1675
1159
1780
1997
2129
2007
2146
2030
1176
1177
1178
1660
1179
1746
1781
2155
1758
2070
1953
1196
1197
1198
1747
1782
1664
1199
2271
1216
1217
1218
2264
1236
1237
1696
1238
1594
1855
1103
1104
1808
2249
2084
2135
1126
1125
1124
1123
1122
1121
2294
1856
2258
1933
1147
2068
2088
1146
1145
1144
380
1970
1140
1615
1876
379
1143
378
1142
1141
2054
2169
1895
1975
2340
2001
1165
401
1167
1166
400
1164
1614
1707
1878
1969
1160
397
1161
398
1162
399
1163
2002
2253
1822
1926
2057
2358
2210
1911
1613
1968
1180
1879
1710
1731
421
1185
1186
422
1184
420
1181
417
1183
419
418
1182
1187
1188
1764
2359
1894
2121
2382
2289
1925
1570
1995
1200
1967
1708
1730
2293
1612
2343
1910
1201
437
441
1205
1206
442
1204
440
438
1202
1203
439
2078
1207
2321
1208
2259
2353
2236
1575
2356
1881
2111
2344
455
1219
1220
456
1221
457
2295
1222
458
460
1224
459
1223
461
1225
1226
2331
1227
1854
2242
2091
2408
2323
2058
1947
1983
1688
1861
1239
1739
1611
2180
2059
1240
476
2095
477
1241
479
1243
1242
478
480
1244
481
1245
1246
482
2015
2021
1247
1553
1885
1248
2024
2056
2142
1679
1860
1259
1740
1610
1901
1260
496
2324
1965
497
1261
498
1262
499
1263
500
1264
1265
501
2171
1266
502
2085
2119
1267
2033
1268
2263
2277
1609
1668
1279
1862
2173
1280
2311
517
1281
2140
2336
1282
518
1283
519
2288
520
1284
521
1285
522
1286
2132
1287
1851
1608
1671
1299
1863
1300
2151
1301
1302
538
1921
2196
2097
1303
539
2112
1790
540
1304
2008
2240
2153
1305
541
1306
2176
2120
1307
1864
1607
1318
1319
1320
2124
557
1321
558
1322
1944
1323
1324
1325
1992
1990
2017
2144
1337
1338
1339
1340
1791
1341
1342
2116
2257
1823
1357
2115
1892
1817
1806
1825
1156
1997
2129
2007
2127
2146
1981
1175
411
1176
412
410
1174
2178
413
1177
1880
2155
1987
1758
2070
1953
431
1195
432
1196
1194
430
429
1193
433
1197
2303
1198
2369
2157
1787
2271
2287
1212
448
1213
449
452
1216
1214
450
1215
451
2254
453
1217
1813
1798
2000
1218
454
2060
2338
1963
2264
466
467
1231
1232
468
469
1233
1235
471
470
1234
2239
1236
472
2317
1979
1237
2190
1594
2405
1918
2315
487
1855
1252
488
1253
489
1254
490
1255
491
492
1256
1538
2337
1257
493
2262
2165
1258
2334
2250
1811
1978
2241
507
1272
508
1951
1974
509
1273
510
1274
511
1275
512
1276
1888
1954
513
1277
1645
1712
1557
1816
1755
1794
527
1292
528
529
1293
1294
530
2013
2265
531
1295
2216
2219
1296
532
1297
1595
2183
2225
548
2093
549
1313
550
1314
2046
2390
2181
1315
551
1991
552
1904
2421
568
569
2109
121
120
119
1627
883
1720
139
138
902
1796
901
137
158
1626
900
136
1721
921
157
156
920
155
919
178
2005
941
177
1625
154
918
1722
176
940
939
175
938
174
198
962
1772
1723
937
1624
173
197
961
1830
196
960
195
959
958
194
957
1724
1623
1694
193
219
983
2077
218
982
217
981
216
980
2182
979
215
1844
1874
978
214
1725
213
1692
977
1622
2404
2136
1003
239
1002
238
240
1001
237
1000
236
999
235
234
998
1726
1690
233
997
1621
1744
2302
2147
1745
2126
2291
2166
1021
257
1020
256
1022
258
259
1023
1024
260
255
1019
1976
254
1018
1902
1017
1685
1620
1727
253
278
1042
2040
1756
1041
277
1043
279
1946
1040
276
280
1044
1039
275
281
1045
1038
1619
274
1677
1728
1964
2069
1533
2134
2386
299
1063
300
1064
298
1062
297
1061
1742
1065
301
1066
296
1060
1729
1738
1059
1669
1618
295
2282
1922
1950
2071
1827
1945
1852
2213
2392
1083
319
320
1084
1085
318
1082
317
1081
316
1080
2342
2301
1573
1848
2251
2220
2370
2401
2177
1873
339
1103
338
1102
1101
337
1100
1735
2357
1877
1705
1972
1617
1536
2249
2376
2084
1846
2135
2254
1813
1963
1229
1230
1231
1232
2354
1908
2239
2164
2317
1979
1249
2315
1250
486
487
1251
1252
488
2207
1253
489
1254
2204
1538
2337
2262
1268
2165
2377
2245
1811
505
1269
1270
506
2241
1271
507
1272
508
1951
2389
509
1273
2025
1274
1275
524
1288
2151
1888
2035
1816
1289
525
1755
1794
526
1290
1986
1291
527
1532
1292
528
2274
529
1293
2374
2269
1294
530
2013
544
1308
1295
2219
545
1309
2183
2192
1310
546
2225
1853
2042
2305
1311
547
548
1312
549
1313
550
1314
563
1327
2046
2181
1315
1991
1328
564
2403
1904
1329
565
1960
566
1330
567
1331
2079
1332
568
2217
1345
581
2326
2221
2170
1571
2398
1333
569
2109
1346
582
2201
583
1347
1348
584
1361
1349
585
1826
2368
1362
598
1350
586
2096
1993
2036
2123
1363
599
1351
600
1364
601
1365
602
1366
615
1379
2197
1367
603
2167
1943
1380
616
1381
617
618
1382
1765
631
1395
1952
1919
1383
619
632
1396
1980
1397
633
2039
1398
634
2268
1412
2082
649
596
597
1818
1807
611
612
613
614
625
2101
626
615
2113
2149
2105
627
2197
628
1392
2167
629
1393
2325
2086
640
2362
1394
630
641
642
631
1884
1407
643
1919
1824
1408
644
1890
645
1409
1903
632
2006
2228
655
2137
1410
646
656
1421
657
1422
658
1411
647
2039
2016
669
1423
659
2073
648
670
1424
660
671
1435
2138
672
1436
1425
661
1897
2399
1437
673
2275
1900
2280
2222
684
674
1438
2373
1426
662
1859
1439
675
685
1450
686
1451
687
676
1440
2011
663
1789
1452
688
2062
2281
689
1453
698
2125
1828
1454
690
2108
2400
699
677
1441
2235
691
1455
1579
700
1464
2100
2247
1465
701
1792
2043
702
1466
1467
703
1889
2122
712
704
1468
2048
713
692
1456
1994
714
1478
2172
1479
715
1850
2349
716
1480
2260
717
1481
726
705
1469
2388
2341
2267
2238
718
1482
727
2004
706
728
1492
1810
2308
1493
729
2128
1494
730
2335
2278
2110
719
1483
1495
731
1989
740
732
1496
2064
2252
2284
720
2237
741
1923
2316
1809
2243
1506
742
2348
743
1507
733
1497
1508
744
753
1601
1657
2306
745
1509
754
1700
1837
1600
1699
1838
755
1599
2273
746
1598
1698
1839
756
1535
757
1840
1597
1697
1956
2150
862
1815
861
97
1793
96
860
116
880
2053
859
95
115
879
114
878
877
113
898
112
876
133
897
111
875
896
132
1795
131
895
130
894
916
2081
915
151
129
893
892
128
150
914
149
913
1920
2152
912
148
1759
147
911
146
910
909
145
935
144
908
170
934
169
933
932
168
167
931
1893
166
930
929
165
164
928
1883
1936
163
927
926
162
2384
954
1771
953
189
2107
952
188
187
951
186
950
949
185
948
184
947
183
182
946
181
945
975
2063
974
1905
209
973
1935
2072
208
972
207
971
206
970
2103
969
205
967
203
2143
204
968
202
966
2188
995
1942
2296
994
993
2297
2309
228
992
2012
1770
991
227
2023
224
988
225
989
990
226
987
223
2290
1800
2162
1015
1907
1014
1013
1012
1011
1010
1009
1008
1940
1966
2394
2131
2041
1034
1033
1032
1031
1030
2044
2270
978
1725
977
1000
999
998
1726
997
1621
1745
2126
2291
2166
1021
1020
1019
1976
254
1018
1017
1685
1620
1727
1042
1756
1041
277
1043
1040
276
1044
1039
275
1038
1619
1677
1728
1964
2069
2134
2386
1063
1064
298
1062
297
1061
1065
296
1060
1729
1738
1059
1669
1618
295
2282
1950
2071
1827
1945
1852
2213
2392
1083
1084
1085
318
1082
1086
317
1081
316
1080
2342
2301
1573
1848
2251
2220
2370
2401
2177
1873
339
1103
1104
1105
1106
338
1102
1101
337
336
1100
1735
2357
1877
1705
1972
1617
2141
1938
1536
1808
2249
2364
2376
2084
1846
2135
1126
1125
1124
1123
359
358
1122
1121
357
1734
1120
1971
1875
1616
356
1706
2294
2258
1933
2088
1145
1144
1970
1140
1615
1876
1709
1733
376
379
1143
378
1142
1141
377
2054
2169
1895
1975
2340
2001
1165
1164
1614
1732
1707
1878
1969
1160
397
1161
398
1162
1163
2057
2358
2210
1911
1613
1968
1180
1879
1710
1731
1185
1184
1181
1183
1182
1764
2359
1894
2382
1925
1200
1967
1708
2293
1612
2343
1910
1201
1204
1202
1203
2321
2353
1575
2356
2344
1219
1220
1221
2295
1222
2331
2242
1861
1239
1240
1241
1242
375
394
1748
395
2007
2030
413
414
1660
415
1746
1953
433
434
2369
1747
1782
435
1664
2271
2287
452
453
2000
454
2313
471
472
473
1659
1696
474
1594
2351
1918
1855
492
493
494
2334
2250
1562
512
1954
513
1645
1712
2092
1557
514
2265
2216
532
533
1595
534
1658
552
1665
553
1936
163
927
926
162
161
925
924
160
159
948
947
183
182
946
181
945
944
180
943
179
942
178
1905
177
1935
969
967
203
204
968
202
966
201
965
200
964
199
963
198
962
1942
197
961
2297
1770
2023
224
988
225
989
990
987
223
986
222
1800
985
221
2162
220
984
219
983
218
982
2185
217
981
1011
1010
1874
1009
245
244
1008
1801
1786
1007
243
1940
2394
2136
1003
239
1002
238
240
1004
242
1006
241
1005
1001
237
1031
1030
2099
2339
1029
265
1744
2302
2147
264
1028
2184
1027
263
1021
1998
2270
1026
262
1022
258
259
1023
1025
261
1024
260
2255
1902
1052
2038
1051
286
1050
1819
285
1049
1048
284
2040
1043
1047
283
1946
1046
282
1044
281
1045
1984
1073
2076
2134
1072
1914
1962
1071
306
1070
305
1069
2065
1068
1742
1065
1067
1066
2375
1802
1922
1761
2049
1092
1091
1090
1088
1089
1087
1086
2174
2218
1821
1743
2029
1805
1820
1898
1112
1111
1108
1109
1110
1107
2018
1938
1955
2396
2420
2425
1128
2154
1129
1130
1131
2160
2132
1608
1299
1863
1300
1301
1302
1303
1790
1304
2008
2240
2153
2120
1864
1653
1607
1318
1319
1320
557
1321
1322
1944
1323
1324
1990
572
1606
1336
1865
1654
2017
2144
573
1337
574
1338
2276
1339
575
576
1340
1791
577
1341
1342
2116
2257
1343
589
1866
1353
1605
1655
1823
1354
590
591
1355
592
1356
1985
593
1357
2227
2115
594
1358
1359
1360
1867
1667
606
1370
1371
607
608
1372
1909
609
1373
1818
610
1374
1941
1807
1375
611
612
1376
1377
1868
1386
1678
622
1387
623
1388
624
2118
625
1389
2101
2067
626
1390
2113
2149
1391
627
628
1392
1402
1869
1687
638
1393
2314
639
1403
2325
2086
1404
640
641
1405
1406
642
1884
1407
643
1824
1408
644
653
1870
1417
1686
1890
1409
654
1418
1903
2006
655
1419
2137
1420
656
1421
657
1857
1422
658
1691
1871
1432
668
669
1433
1423
2073
670
1434
671
1435
2138
2380
672
1436
1897
2399
1437
673
2275
1872
1693
683
1736
1447
2332
2280
684
1448
1438
685
1449
1450
686
2367
1451
687
2011
2346
2206
1789
1661
1452
2062
2281
697
1461
1453
2047
698
1462
2125
2391
1828
2205
699
1463
1662
2235
2347
1704
700
1464
1583
2100
1475
711
2247
1465
1466
2328
1467
2393
712
1476
2048
1489
2372
1833
2233
1604
1477
713
1478
1479
1850
2417
1490
2256
2379
2341
2238
1491
1416
1578
1430
667
1547
1431
1443
1529
680
1444
1445
681
1539
1446
682
694
1458
1459
695
2292
1460
696
707
1471
1580
708
1472
709
1473
710
1474
721
1485
2299
722
1486
723
1487
1596
724
1488
1499
735
1537
736
1500
737
1501
1886
738
1502
1937
1512
748
749
1513
1534
750
1514
1524
760
751
1515
1558
761
1525
1561
762
1526
763
1527
2108
1441
1455
1579
1792
2043
1889
2122
1442
1468
692
1456
2349
2260
1481
2198
705
1469
2267
1482
1530
1545
2004
2032
1470
706
1810
2199
2308
1548
1584
2128
1494
2335
693
1457
2278
719
1483
1495
1989
1496
2064
2252
1484
720
2237
1923
2316
1809
2243
2348
1507
733
1497
1508
2292
2306
745
1509
707
1471
2211
1838
1519
1599
2273
746
1510
1598
1698
1839
1520
1535
1498
734
757
1840
1597
1521
1697
1956
1581
2150
721
1485
758
1703
1522
2272
1585
747
1511
759
1523
2111
1225
1226
1227
2091
2323
2058
1947
2059
2354
1244
1245
1246
483
1247
1885
1248
1249
2142
1965
1263
1264
2207
1265
501
2171
1266
502
503
1267
504
1268
2263
2377
2277
2173
2311
2336
505
1269
1270
1283
2288
520
1284
521
1285
522
1286
2389
2132
2025
1287
523
1851
524
1288
2151
2035
1302
1921
1289
525
2196
2097
1303
2112
540
1304
1290
1305
541
1986
1306
542
1532
2176
2120
1307
543
2374
2269
2124
544
1308
1321
558
1322
545
1309
1944
559
1323
560
1324
2192
1310
561
1325
1853
2042
1992
2305
1990
1326
562
2017
2168
1339
563
1327
576
1340
1791
577
1341
2244
578
1342
1328
564
2116
579
1343
1329
1960
1823
580
1344
2079
2217
1356
1985
1345
581
2326
593
1357
2115
594
1358
595
1359
1346
582
596
1360
2201
1347
1909
1361
597
1826
1373
2368
2051
1818
1362
598
610
1374
1807
1993
1375
611
612
1376
1363
599
613
1377
1364
2118
614
1378
1389
2101
626
1390
615
1379
2113
2149
2105
1391
627
2197
628
1392
2167
629
1393
1380
616
2325
2086
2362
1394
630
1406
631
1395
1884
1407
643
1952
1919
1408
644
1890
645
1409
1903
2006
2228
1410
646
1422
1411
2039
2016
1423
1424
1425
1897
1900
1928
2232
780
1676
16
1695
2193
1560
779
15
1684
33
1927
797
2230
1663
1682
14
778
1559
1711
796
32
1670
13
1556
1702
31
795
50
814
2231
1586
1929
2089
794
30
49
813
1924
29
2246
2329
2037
48
812
1567
2208
67
1930
1587
831
47
811
2350
46
66
830
2352
2200
829
65
2214
64
2145
1939
848
1931
84
1588
1916
63
1531
1546
83
847
2371
846
82
81
1589
1932
101
2010
100
99
1805
1820
2022
2018
1955
1912
2104
2425
364
2154
368
365
366
1130
1131
367
1849
1845
1856
2402
2261
2160
383
2068
382
384
1148
385
1149
1957
386
1150
1151
387
1152
388
2159
2034
1977
1999
2127
1785
401
1167
403
402
1166
1168
404
1169
405
1170
406
1171
407
2363
408
1172
409
2002
2253
1822
1926
1812
421
1186
422
1987
1882
423
1187
1188
424
1858
425
1189
1190
426
427
1191
428
1192
429
2289
1831
1570
2090
1995
1528
2303
2203
441
1988
1206
442
2078
443
1207
1208
444
445
1209
446
1210
2259
2327
1211
447
2226
1949
2111
1212
448
449
2254
1813
460
461
1225
462
1226
2060
463
1227
464
1228
1963
2091
1229
465
2323
2058
1947
466
1230
2059
467
1231
468
2354
1908
481
1246
482
2239
2164
2317
483
1247
1979
1885
1248
484
1249
485
2142
2315
1250
486
1965
487
1251
488
2207
501
2171
502
2204
503
1267
1538
2337
2262
504
1268
2165
2377
2173
2245
2336
505
1269
1270
506
2241
1271
507
2288
508
1951
522
2389
2025
1287
523
524
1288
2151
2035
1921
1289
525
2112
526
1290
1986
527
2274
543
2374
2269
544
545
546
1853
2042
2305
2168
563
1380
1381
617
618
1382
1765
1952
1383
619
632
1396
1980
1397
633
1411
2039
1398
634
2268
2016
1399
635
1412
648
2082
1400
636
649
1413
1788
1414
650
1426
662
1859
1760
1440
651
1415
663
1427
2108
1416
652
677
1441
664
1428
1579
2043
1429
665
1889
2122
1430
666
678
1442
692
1456
1577
2198
2224
1469
1443
679
1530
1545
680
1444
2004
2032
1470
706
2199
2308
1445
681
1548
1584
2128
2335
693
1457
1483
1989
1539
1541
1484
720
2237
694
1458
2243
1459
695
1497
2292
1460
696
707
1471
2211
2273
708
1472
1498
734
709
1473
721
1485
722
1486
1585
1499
735
747
1511
11
1644
1646
774
1643
1647
10
2009
2209
2223
1649
1642
773
1763
9
791
27
2161
8
1641
2202
772
1650
790
26
7
1651
1769
1640
2158
771
2066
1652
1639
1768
6
770
5
769
1638
1767
25
789
808
44
1637
4
2055
768
2407
788
24
43
807
2191
787
23
3
1843
1636
767
1554
1635
2
766
1842
1917
22
786
1
1634
806
42
61
21
785
1565
2234
41
805
60
824
784
20
1832
19
783
804
40
1762
2283
18
39
803
1784
823
59
802
38
2075
1814
37
801
78
58
822
800
36
57
821
77
841
2087
56
820
1804
55
819
2080
840
76
54
818
2156
75
839
53
838
74
73
837
94
72
836
857
93
835
71
856
92
2215
2175
91
855
854
90
1543
2406
89
853
111
110
873
109
872
108
107
252
2050
251
2045
250
249
2366
273
1754
272
271
270
269
268
2360
1799
2031
2186
1753
294
1680
2148
293
292
291
290
289
1958
2139
2266
1913
1973
2163
1681
1752
315
314
313
312
310
311
1961
2117
1891
2320
2187
2395
1829
1777
335
1683
1751
334
333
332
331
330
2318
2114
1996
1847
355
1778
1750
1673
354
353
352
351
1766
350
1915
1896
1887
2106
1783
2312
2355
2133
373
372
374
370
371
1749
375
1674
1892
1948
1817
2052
1806
392
390
391
393
394
1748
1675
395
2007
1981
2030
411
412
413
414
415
1746
1880
1758
1953
432
433
434
2369
2287
2136
239
238
240
241
237
236
235
1744
2302
2147
1745
2184
1021
257
1998
256
262
1022
258
259
1023
1025
261
1024
260
255
1976
1902
2038
278
1042
284
2040
1756
1041
277
1043
279
1047
283
1946
276
1046
282
280
1044
281
1045
1964
2069
1984
1533
2076
2134
2386
1962
306
305
1069
299
1063
300
1064
298
1062
304
1068
297
1742
1065
301
303
1067
1066
302
296
2375
2282
1922
1950
2071
1827
1945
2049
1852
1090
326
1088
324
325
1089
1083
319
320
1084
321
1085
318
1082
1087
323
322
1086
317
2218
1821
2301
1743
2029
1805
1848
1820
2251
1898
2220
2370
2177
1873
344
1108
1109
345
1110
346
339
1103
340
1104
341
1105
342
1106
343
1107
338
1102
337
2022
1735
1877
1705
1797
2018
2141
1938
1955
1536
1808
2249
2084
2104
1846
2135
1128
364
1126
362
1127
363
1129
365
361
1125
1124
360
1123
359
366
358
1122
357
1734
1706
1845
2294
1856
2258
2261
1933
1147
383
2068
2088
382
1146
384
1148
1145
381
385
1149
1144
380
1957
379
1143
378
1142
377
386
2054
2169
1895
1975
2340
2001
1977
1999
1165
401
1167
403
402
1166
400
1164
1168
404
397
398
1162
399
1163
405
2363
2002
2253
1822
1926
2057
2210
1911
421
1185
1186
422
1184
420
417
1183
419
418
423
1187
424
1858
425
1764
1894
2121
2289
1831
1925
1910
441
1205
1206
442
440
438
439
2078
443
444
2259
2236
1949
460
459
461
462
1947
1733
1614
1732
396
1707
1878
397
398
2210
1911
1613
1968
1879
1710
1731
416
417
419
418
1764
1894
2382
1200
436
1967
1708
1730
2293
1612
2343
1910
437
438
439
2321
2353
1575
2356
1881
2344
455
1219
1220
456
457
2295
458
459
2331
1854
2242
1983
1688
475
1861
1239
1739
1611
2180
1240
476
2095
477
1241
479
1242
478
480
2015
2021
1553
2024
2056
495
1679
1860
1259
1740
1610
1901
1260
496
2324
497
1261
498
1262
499
500
2085
2119
2033
2277
1609
1668
1279
515
1862
1741
516
1280
2311
517
1281
2140
1282
518
519
520
2132
1608
1671
535
1299
1863
536
1300
537
1301
1302
538
2097
539
1790
540
2008
2240
2153
2176
2120
554
1864
1653
1607
1318
1319
555
1320
556
557
1321
558
1944
559
1990
572
1606
1336
1865
1654
2144
573
1337
574
1338
2276
575
576
1791
2257
589
1866
1353
1605
1655
590
591
592
1985
593
2227
1867
1667
606
607
608
609
1678
622
623
1587
2200
848
1931
84
1588
1916
83
847
2371
846
82
1551
1589
1932
865
101
1566
2298
2010
100
864
863
99
862
98
882
118
1793
881
117
116
880
115
879
135
899
898
134
133
897
896
132
153
917
1590
916
152
2081
915
151
150
914
149
913
2028
172
1591
936
935
171
170
934
169
933
932
168
1893
1883
956
1592
2027
192
955
191
190
954
953
189
2107
1773
2361
952
212
2365
1593
2026
976
975
211
974
2072
2378
996
995
1906
953
952
951
975
2063
974
973
2072
972
971
970
2103
2188
996
995
1942
994
993
2309
992
1770
991
989
990
2290
1800
2162
1016
2050
1015
1907
1014
1013
1012
2020
1011
1010
1009
1940
1966
2394
1037
2131
1036
2041
1035
1034
1033
1032
1031
1030
2044
1029
1799
2031
1775
1058
2270
2148
2229
1057
1056
1055
1054
1053
1052
2139
2266
1051
1819
1973
2163
2083
1776
1079
1078
1077
1076
1074
1075
1073
1072
1891
2320
2187
2065
1829
2019
2319
1098
1097
1096
1095
1094
1093
1092
1568
2318
2383
2248
1996
1803
1118
1117
1116
1115
1766
1114
1113
2106
2312
2061
2130
1540
2355
2310
1137
1136
1138
1134
1569
1133
1135
1892
2194
2345
1156
1154
1155
1157
820
819
818
2156
839
838
74
73
837
72
836
857
835
71
856
92
2215
834
70
91
855
854
90
1543
2406
89
853
874
110
88
852
873
109
87
851
872
108
2212
850
871
107
870
106
892
869
105
127
891
890
126
104
868
125
889
1920
867
103
888
124
123
887
909
145
122
886
144
908
907
143
121
885
906
142
120
884
141
905
140
904
928
139
903
1936
163
927
926
162
161
925
138
902
924
160
1796
901
137
923
159
158
922
921
157
947
182
946
181
945
944
180
156
920
943
179
919
942
178
2005
1905
941
177
176
940
967
202
966
201
965
939
175
200
964
938
199
963
198
962
1772
197
961
1830
2297
196
960
987
959
986
985
221
220
984
219
983
2077
218
982
2185
217
981
216
980
979
1874
1801
2136
1003
1002
238
1004
1006
1005
1001
1000
1744
2302
2147
1021
1998
1026
1022
1023
1025
1024
169
168
167
166
190
189
2107
188
187
186
185
184
211
2063
210
209
208
207
206
2103
205
203
2143
204
2378
2188
231
2296
230
229
2309
228
2012
1770
227
2023
224
225
226
223
2290
1800
252
2050
251
1907
2045
250
249
248
247
246
245
244
243
1940
2366
1966
2131
272
2041
271
270
269
268
267
266
2044
2099
265
1799
264
2270
2148
2229
293
292
291
290
289
288
1958
287
1913
286
1819
2163
2083
313
312
310
311
309
308
2395
1829
1802
333
332
331
330
329
2074
328
1847
352
351
350
349
1887
