8.219296066665354727e-03
8.119795655394777475e-03
7.936838531383761525e-03
8.101393549162665131e-03
7.888131855446615937e-03
8.250242628065156819e-03
8.167297475867800471e-03
7.997886197250565765e-03
7.868237908423683646e-03
7.948130047247732935e-03
7.855237553609006884e-03
8.776674127597132447e-03
9.406888087130622564e-03
9.449736491121627988e-03
8.367446009759549677e-03
7.936799714778676809e-03
7.828105011104065716e-03
7.467437811471798123e-03
7.197334258644668727e-03
7.035974988046987504e-03
7.042982558041442631e-03
7.801339915597144126e-03
8.699515753966054199e-03
9.856145742728753684e-03
1.021622138293344986e-02
1.099541306604895699e-02
8.257058690543528021e-03
7.723000360491834998e-03
7.358727700732372104e-03
6.982020366890931071e-03
7.409786299606899856e-03
6.964039862339879185e-03
6.721464526138187616e-03
7.411092301301750243e-03
8.936922985738442182e-03
1.125314690885536456e-02
1.566597976848299253e-02
1.441324192794890720e-02
1.193237130459754401e-02
1.252559267766313773e-02
8.670669738893155634e-03
8.015916648286360024e-03
7.278492053349812536e-03
6.811221647593710543e-03
6.470866018423327565e-03
6.668651706458609760e-03
7.012701144924870372e-03
6.750189503769815982e-03
7.059385356159858169e-03
9.219079583101435008e-03
1.113397957481167960e-02
1.546932462556862599e-02
1.442674494543929112e-02
1.415317543900146413e-02
1.428301974607884550e-02
1.475413198824282110e-02
1.371971628180256551e-02
1.207567553645298719e-02
8.543316320872601510e-03
7.997146037257747350e-03
7.217365374535690548e-03
6.524789549502326043e-03
6.308248335564577668e-03
6.253409003953875125e-03
6.609862348363723487e-03
6.433522443712493509e-03
6.998898829390973360e-03
8.096650834942672667e-03
1.133626413727064144e-02
1.314063127911477107e-02
1.271861441789861810e-02
1.181960545184182650e-02
1.200521504793914014e-02
1.377429444066904235e-02
1.279575866359619445e-02
1.132718964629335183e-02
7.879354082691816807e-03
6.134052657418780953e-03
7.872586035066179988e-03
7.818799189947269260e-03
7.518661058979269653e-03
6.992856707469916402e-03
6.324836386390674144e-03
5.990718502873255968e-03
5.905145250352812798e-03
6.125742569565773010e-03
6.029866635799407959e-03
6.049129950963420300e-03
7.136384542617533328e-03
1.076609644762895751e-02
1.340267826791530746e-02
1.442335837665818798e-02
1.048320901284086233e-02
1.152254003502520448e-02
1.253299233733595926e-02
1.138566823584245997e-02
9.659496779887028275e-03
7.340448759036299377e-03
6.662730380524823845e-03
6.938012638761673241e-03
6.475710666474000961e-03
6.310375614298714339e-03
6.330284485478459774e-03
6.613219915716735987e-03
6.011991313210240245e-03
5.658383814640986949e-03
5.209274865962841214e-03
5.145263018799416631e-03
5.174838052487668039e-03
5.011583080538260966e-03
5.985050588662241787e-03
8.932940610167052625e-03
1.249571366596357626e-02
1.394678022997039926e-02
1.003651804273465210e-02
1.064408217760860753e-02
1.145428340928054088e-02
9.865578263998031616e-03
8.744338078907242656e-03
7.712478255048210024e-03
7.472164859926259430e-03
7.558051887669681342e-03
4.292425205126220583e-03
4.323153538100513518e-03
4.218166096158969432e-03
5.019641699798313081e-03
5.899037820873437137e-03
5.407429679676338703e-03
4.914129520823926241e-03
4.969611556993590654e-03
4.930875551553420486e-03
4.631127023862468065e-03
5.297082752265312375e-03
7.837194690687788665e-03
8.774027733360762957e-03
8.661138487729692220e-03
8.136159738951168063e-03
9.210310972214497474e-03
1.053366641065588659e-02
9.801778057015236856e-03
8.836978379591011942e-03
8.379513202350081028e-03
8.040077340455703200e-03
7.613733870747648597e-03
3.051267729865180314e-03
2.791451336241062686e-03
2.521693890477404252e-03
4.452565179010967850e-03
5.689450252203293382e-03
5.396226558972288222e-03
5.204788903579300047e-03
5.259718263038882374e-03
5.369709344741738916e-03
4.609697371905232578e-03
5.633240600151044608e-03
6.883404858663309811e-03
7.212090409464306205e-03
7.295878734842034877e-03
6.986469483825114013e-03
8.089225768703783154e-03
1.027058503291581118e-02
1.159290092663816524e-02
1.039460939527661783e-02
8.385984594991176960e-03
7.403466229637463598e-03
6.290255597344151378e-03
4.624265280586702109e-03
2.513583542572127641e-03
2.400295578955132306e-03
2.243967519866095842e-03
2.967827619961750478e-03
5.481251296989711821e-03
5.362154157073409887e-03
4.995191446792932033e-03
5.108482836757177563e-03
5.048808354286499558e-03
4.637923091650009155e-03
4.820968564829708307e-03
5.710032803040963889e-03
6.266616625469867766e-03
6.301744258962571621e-03
6.614186172229870320e-03
7.689742086150534034e-03
9.670543699973711133e-03
1.070099967290405810e-02
9.335799556639459013e-03
7.493632742100291878e-03
6.035296568348083764e-03
4.876231360766623141e-03
3.756824259956677899e-03
2.461975532365433782e-03
2.086937519503228276e-03
1.979989057153831288e-03
1.627395642392429412e-03
3.856277300251854598e-03
4.615505858335966320e-03
4.105805200927051604e-03
4.380070454912420898e-03
4.698317911889817594e-03
4.378835705143434287e-03
4.425102062983277650e-03
4.718379100301751256e-03
4.947758673540788264e-03
5.527161984462980807e-03
6.124988412427037447e-03
7.189894996204033821e-03
8.513296758871019901e-03
9.037492095412295520e-03
8.909272179467441974e-03
7.108244021641619594e-03
5.017074031962288558e-03
4.061754930902410597e-03
3.619192513050856382e-03
1.991953309855343506e-03
1.798234466049406215e-03
1.797084133198231749e-03
2.483374542660183280e-03
3.612733112625133962e-03
3.543305751166226075e-03
3.730086931659851342e-03
4.228903785531903416e-03
4.158978591914530218e-03
3.818132201738563478e-03
4.301238207169520884e-03
4.135262060128611951e-03
4.971806514709267884e-03
6.410422601254173874e-03
6.569442376968692363e-03
7.146543578854129553e-03
8.164217574866834345e-03
8.595757140421572684e-03
7.049690713577064574e-03
4.628617730405595182e-03
4.106118999145648776e-03
3.681850516133838326e-03
1.647557626351898096e-03
1.454662186680016726e-03
2.409260030145998419e-03
2.823841643094280630e-03
2.892601188778141409e-03
3.215917351621168808e-03
3.790267570703117952e-03
3.691176964360990808e-03
3.468102396086410449e-03
3.700664772847552225e-03
3.443669688738422528e-03
3.114319438068770870e-03
4.572256734123292775e-03
6.799765124329205067e-03
7.926656048239014152e-03
7.514586781416042298e-03
7.456936080146719069e-03
6.276497226438404291e-03
4.757348792972388059e-03
4.034418796683534800e-03
3.595178716896492779e-03
1.253316972266744741e-03
1.569964658514952935e-03
2.102144280977455079e-03
1.964085057009885490e-03
2.497631527575445726e-03
2.940062134538167730e-03
2.959502895397168442e-03
2.783141466846436769e-03
3.174155628607597084e-03
2.933187893143406749e-03
2.849654846445278094e-03
2.891683920838490889e-03
6.977284619265615613e-03
8.084822655942888736e-03
7.296754501438067197e-03
5.939640277237804265e-03
5.311566956893161266e-03
4.485808669325010330e-03
3.689485372124630749e-03
3.491264963407575504e-03
1.589835506438473135e-03
1.612311286598811910e-03
1.443508184618419975e-03
2.132579580777221352e-03
2.569821939148284658e-03
2.564893092638180494e-03
2.453409204328501746e-03
2.821792227526505933e-03
2.731975742880208939e-03
2.627104440313062384e-03
2.328990058927440151e-03
2.889023903494321571e-03
6.069421434751999349e-03
5.745524379574221997e-03
5.100974836099295140e-03
4.988658161442957074e-03
4.499802273916609675e-03
3.779204447328308493e-03
3.609782878171514421e-03
1.176577239630766884e-03
1.210561240620819032e-03
2.448520703632154748e-03
2.363426576334017471e-03
2.045558886257586688e-03
2.163483922220306530e-03
2.660689628280607164e-03
3.150934761643041804e-03
2.700809607811180055e-03
2.322021955164310560e-03
2.087230898779788256e-03
3.184893596802412883e-03
4.257075189624304028e-03
4.905006589574946105e-03
5.287334156211143284e-03
4.721676114440700144e-03
4.032808459467357963e-03
1.208852689115353599e-03
1.866219171472353801e-03
2.719631307919360280e-03
2.564284469023990660e-03
2.142304413733474820e-03
2.672903202359139339e-03
3.083573789393276483e-03
3.369673589290476338e-03
2.813496773510619237e-03
2.696698767213541806e-03
2.596489063975757853e-03
2.760961111405013397e-03
4.346899616382556529e-03
5.068973761718766242e-03
5.546637123772575617e-03
2.399327752452033117e-03
2.796517463722898722e-03
2.946507757713581234e-03
2.829029961032103122e-03
3.199725048932718172e-03
3.128401604179223850e-03
2.622230225645097793e-03
2.811610666362361968e-03
2.809265646422396973e-03
3.064552780145917386e-03
3.117837341657529130e-03
3.883675923808132917e-03
4.845047523382545532e-03
3.564294490871238157e-03
3.708166995856129050e-03
3.391903336447329997e-03
3.404781124612063677e-03
3.109241378735061109e-03
2.638124673983748957e-03
2.581979699984744952e-03
2.686882572662499264e-03
3.407515573206093117e-03
3.398406728929667577e-03
3.946958149978776337e-03
3.948718522111942589e-03
3.529433241504946039e-03
3.259617358124182462e-03
