2.828226364737292424e-06
1.644045650183899353e-03
1.609304872031342088e-03
1.764737956739217527e-03
1.601958840902589646e-03
1.736308905703152442e-03
1.848743567521102509e-03
1.756923590963679980e-03
2.297252464294959745e-03
2.396833702208576999e-03
2.136949387952516866e-03
2.065577064839778376e-03
2.867528607613028298e-03
3.211169876881722444e-03
3.302952877762477344e-03
3.444228144388877290e-03
3.965527013295769808e-03
4.208736877531960539e-03
4.265268708810757495e-03
4.488107049796601598e-03
4.715374659330552436e-03
5.144548025196793092e-03
5.343567434876583984e-03
5.385722153218946984e-03
5.311668910703419219e-03
5.442205520741717414e-03
5.387800268618071244e-03
5.568092556388806735e-03
5.740150337460671673e-03
5.363311292669383466e-03
5.965138165317055222e-03
5.610347625725155621e-03
5.910312643440408624e-03
6.171177154769305791e-03
6.275088910166684922e-03
6.133017361711311233e-03
6.453127313325034663e-03
6.688785870744659579e-03
6.380747384648233385e-03
6.504979799090526531e-03
6.337044865161307189e-03
6.637131881118767465e-03
6.557203234509778079e-03
6.486198969330378428e-03
6.544620369268005187e-03
6.456422120111397246e-03
6.364127482934776175e-03
6.749014212620986150e-03
6.766867176544099846e-03
6.596576873685620207e-03
6.731754143217230993e-03
6.626245384306796680e-03
7.134232519945592557e-03
7.404379884624921922e-03
7.485803644538536333e-03
7.018151909927179861e-03
7.778840904141510332e-03
7.344490768405014490e-03
8.203369554024193128e-03
7.978541139254443498e-03
7.937911399062998544e-03
8.254913423326468505e-03
8.097718135762228125e-03
8.389555429061414799e-03
8.429367404604082986e-03
8.421318008173731343e-03
8.609681180045259188e-03
8.454566936103672173e-03
8.226397205968774898e-03
8.464334103624772399e-03
8.553696515947570647e-03
8.704146951916140809e-03
8.597367477674290603e-03
8.844523270197454656e-03
8.896520020526380718e-03
8.860918850273598671e-03
8.868700318855015502e-03
9.025845527976137858e-03
9.248850951668422318e-03
9.307970973435462925e-03
9.311658991305066246e-03
