8.219296066665354727e-03
8.119795655394777475e-03
7.936838531383761525e-03
8.101393549162665131e-03
7.888131855446615937e-03
8.250242628065156819e-03
8.167297475867800471e-03
7.560940183423183261e-03
7.503371133848473103e-03
7.339407195463592409e-03
7.216489344927264245e-03
8.075611079456630412e-03
9.406888087130622564e-03
9.449736491121627988e-03
8.367446009759549677e-03
7.936799714778676809e-03
7.574172851480084033e-03
6.784695051150557189e-03
6.000219993753197999e-03
5.721805019327151805e-03
5.189986232622170390e-03
6.207849037040163130e-03
7.239180134126433491e-03
9.856145742728753684e-03
1.021622138293344986e-02
1.099541306604895699e-02
8.257058690543528021e-03
7.782576904620652943e-03
6.858738369227927387e-03
5.929905507299635531e-03
5.825426797440022737e-03
4.974863871380135090e-03
4.737057021738570392e-03
5.029944576506997257e-03
6.774731704758273423e-03
8.533042757829397557e-03
1.007190745979271579e-02
1.036492801259881157e-02
1.193237130459754401e-02
1.252559267766313773e-02
8.670669738893155634e-03
7.731162494531384349e-03
6.863499819128601222e-03
6.056527917583783178e-03
4.921467284913416326e-03
4.162625329178056867e-03
3.920380463018829226e-03
3.860384961705148801e-03
3.817952054058328017e-03
5.126761462263486682e-03
5.978776943973368972e-03
9.253831002516326246e-03
8.451569885774343552e-03
7.498566102398915648e-03
9.476599766424408794e-03
1.475413198824282110e-02
1.371971628180256551e-02
1.207567553645298719e-02
8.543316320872601510e-03
7.152839713258508057e-03
6.629596199886298238e-03
5.537264577952431648e-03
4.389022120539052933e-03
3.672919799516230314e-03
3.672981657731680394e-03
3.317310624284508600e-03
3.653149246985529751e-03
3.977180878275338172e-03
7.089575074963777243e-03
7.066649190052469789e-03
7.010825398919908434e-03
6.024209620254287155e-03
8.388990028991284015e-03
9.775408917325145719e-03
8.850235549480091335e-03
9.124650171509495616e-03
7.879354082691816807e-03
6.134052657418780953e-03
7.872586035066179988e-03
7.197157698281017243e-03
6.399658267144803583e-03
6.130873926995713055e-03
5.224420493583620609e-03
4.002239141199324252e-03
3.818693996211628989e-03
3.216033824432043553e-03
3.107337074147330583e-03
2.981931959957252309e-03
3.999001174061386256e-03
8.151528421203020278e-03
1.363885704209499145e-02
1.502474560977224219e-02
5.494687441782450735e-03
6.744255327596616716e-03
8.908438979199639202e-03
8.352372824087923170e-03
7.393997312052014680e-03
5.587289224804183572e-03
5.090845564817205252e-03
6.938012638761673241e-03
6.475710666474000961e-03
5.850225916983168781e-03
5.140468984106440903e-03
5.434793270664450317e-03
4.753045461795947849e-03
3.762598896836057052e-03
3.279695586289888606e-03
2.791329850385218352e-03
3.200179724781601533e-03
2.506825705001383513e-03
3.894043511446611434e-03
7.426838667913811774e-03
1.730241981783398747e-02
1.911987382688640214e-02
4.832612521792647303e-03
7.081400184823131473e-03
8.841702059187271298e-03
6.962504525335483016e-03
7.269996471335122765e-03
6.899494896240440309e-03
5.857579433071760655e-03
7.558051887669681342e-03
4.292425205126220583e-03
3.840933105459919811e-03
3.229686300511713445e-03
3.686898813387494162e-03
4.399380865104404389e-03
3.258711646920368910e-03
2.932333329945434764e-03
2.635205026578020006e-03
3.546111515642684162e-03
3.127381987409827337e-03
4.268060340603560716e-03
4.874875257366600989e-03
5.752728206758031190e-03
7.720049772480571358e-03
5.742147964975842685e-03
7.610179833226325512e-03
8.134879456419084193e-03
7.640780973029725164e-03
6.935632615177719264e-03
7.304530222842722624e-03
6.604234492521227420e-03
7.613733870747648597e-03
3.051267729865180314e-03
2.327803959265167116e-03
1.504814597191633969e-03
3.358591715862721712e-03
3.891095864000143796e-03
3.234614445655434236e-03
3.258926380011770412e-03
2.836290746927261353e-03
2.810125618621154859e-03
3.572270906541818395e-03
3.076008072605839611e-03
3.434218773848296807e-03
3.594492417673959567e-03
4.225252563404034017e-03
5.763951650918404043e-03
7.013641131458298386e-03
8.675099985766005634e-03
9.760952445413962481e-03
9.015948718620670974e-03
7.277319690695515514e-03
5.693194007983914257e-03
6.290255597344151378e-03
4.624265280586702109e-03
2.513583542572127641e-03
1.849944185879495457e-03
1.294956347088754975e-03
1.837552996513284326e-03
3.961637018271434336e-03
3.910299965444906205e-03
3.036584797096840947e-03
2.773277944436779857e-03
3.012580521128795878e-03
3.318438363939891621e-03
3.170591250153971270e-03
2.729529457419742778e-03
3.308037275097758158e-03
3.421545222352753192e-03
5.575223628971955926e-03
6.612719905801278143e-03
8.121556484565875533e-03
8.813625213080718279e-03
7.891042158007621765e-03
6.104730897479587227e-03
5.059718694767833917e-03
4.027062521120648025e-03
3.756824259956677899e-03
2.461975532365433782e-03
1.559133583932747081e-03
1.422260232545711480e-03
1.059783921565538630e-03
2.424033381688742161e-03
3.289731978266327485e-03
2.341570102690178692e-03
2.338854182097646877e-03
2.698146174719304353e-03
3.045142823715268985e-03
2.118421258565820336e-03
1.845575644876118124e-03
2.666214892042823807e-03
3.489077714479163483e-03
5.168929978677669346e-03
6.278816479966791569e-03
7.163466764958920270e-03
7.457170710197569101e-03
6.940846595867180766e-03
5.806149293979008703e-03
4.412565150378662884e-03
3.600533913683008104e-03
3.619192513050856382e-03
1.991953309855343506e-03
1.276650661487638153e-03
1.214716077586750842e-03
1.548823498097466871e-03
2.596782336448445663e-03
2.004732849237359643e-03
1.884414572958592951e-03
1.809731401779033624e-03
2.064144376803327650e-03
1.936316248719338953e-03
1.974903162062903970e-03
2.423398185199425459e-03
3.507015202625620321e-03
4.982374478807029099e-03
5.338763202383200318e-03
5.898838739175303429e-03
6.726448619623242794e-03
6.851972011780297668e-03
5.621608473176573605e-03
3.711204285974855840e-03
3.723495306424152822e-03
3.681850516133838326e-03
1.647557626351898096e-03
9.708195855772053674e-04
1.643451758556895882e-03
1.933463136263099610e-03
1.532605343302826740e-03
1.569766056850368597e-03
1.784513968928360663e-03
1.751640673588823445e-03
1.898517096300183929e-03
2.066718310945563943e-03
1.957475771138697355e-03
1.811546420126601510e-03
2.951699500561427280e-03
5.185847396295471638e-03
6.555344110331785649e-03
6.313765898668839693e-03
6.356884552924720912e-03
5.392216168987898350e-03
4.458573382393813192e-03
4.089135262701246859e-03
3.595178716896492779e-03
1.253316972266744741e-03
9.646752596269419231e-04
1.408098863414776079e-03
1.018298134483673059e-03
9.932401417582124251e-04
1.213126321449691869e-03
1.329261096723285615e-03
1.276130535076429881e-03
1.867913721520223684e-03
1.321301157413809404e-03
1.507681587504016004e-03
1.230849495680749707e-03
5.588783409710927456e-03
6.783193687298967600e-03
6.285497320838916331e-03
5.239559693928854019e-03
5.164076183221222131e-03
4.323482950344497561e-03
3.641737958439338237e-03
3.491264963407575504e-03
1.589835506438473135e-03
1.612311286598811910e-03
7.238369320093849786e-04
1.341238456927699909e-03
1.406483248704009682e-03
1.322006496290365927e-03
1.176447941013324507e-03
1.582053857912987761e-03
1.223787400917506494e-03
9.580734415830652936e-04
9.348000655594615677e-04
1.729080422479949706e-03
5.052548091582677661e-03
4.759963383369239867e-03
4.715382351459544361e-03
4.726210839034598529e-03
4.562357889005431294e-03
3.564592312883447557e-03
3.609782878171514421e-03
1.176577239630766884e-03
7.756984344235172456e-04
1.749305704171642915e-03
1.393936028313121729e-03
1.212415400386592478e-03
1.010470126790029071e-03
1.294600346160155796e-03
1.632278681629233986e-03
1.109995350333643511e-03
1.075892280902207695e-03
1.103276725503455095e-03
2.378710511106032089e-03
3.462128191726443396e-03
4.124176878206155597e-03
5.033162635187675774e-03
4.721676114440700144e-03
4.032808459467357963e-03
1.208852689115353599e-03
1.799056182879908532e-03
2.259794845429743439e-03
1.996782077993783638e-03
1.534665977858283006e-03
1.584153294701267116e-03
1.537650544771257833e-03
2.059376261047558918e-03
1.530765857616508529e-03
1.458979686032290876e-03
1.466782725603681982e-03
1.833512568501410693e-03
3.622600291338231877e-03
4.983404651284217834e-03
5.546637123772575617e-03
2.399327752452033117e-03
2.609979831987279102e-03
2.442911476486816884e-03
2.422344077830878347e-03
2.495350429348440827e-03
2.230048384071891144e-03
1.512953846278473988e-03
1.996357183627508417e-03
1.937653967840482138e-03
2.153234707226079746e-03
2.550482825393340230e-03
3.883675923808132917e-03
4.845047523382545532e-03
3.564294490871238157e-03
3.415504533705520079e-03
3.115660763909051598e-03
2.978898648080634520e-03
2.550953467388027921e-03
2.638124673983748957e-03
2.581979699984744952e-03
2.686882572662499264e-03
3.407515573206093117e-03
3.398406728929667577e-03
3.946958149978776337e-03
3.948718522111942589e-03
3.529433241504946039e-03
3.259617358124182462e-03
