2.828226364737292424e-06
1.241805336704822349e-03
1.095003237382845577e-03
1.221285158939959406e-03
1.128461258041956600e-03
1.168649031019849786e-03
1.197109981272290657e-03
1.218474640180146297e-03
1.704427874576376709e-03
1.717565027736443024e-03
1.515127108213662650e-03
1.430393913324223831e-03
1.975136990395031343e-03
2.057805076461169651e-03
2.220492439378973001e-03
2.321144830176375372e-03
2.634849387530492811e-03
2.802468230676545373e-03
2.803823992703373055e-03
3.064538573964280515e-03
3.180619045862820033e-03
3.614254316811135390e-03
3.913889359510148470e-03
3.945494559659270227e-03
3.870161138956716360e-03
4.085065541860626384e-03
4.100104088138323277e-03
4.301892096189240469e-03
4.508635845018624938e-03
4.297558265966086762e-03
4.795317667652195144e-03
4.444032726738020127e-03
4.747730208640407387e-03
5.040856606534505589e-03
5.116931585191175809e-03
5.101025435599330395e-03
5.314296830181127439e-03
5.520524343929193029e-03
5.283405941251355202e-03
5.322191078777524856e-03
5.264972053814513317e-03
5.386688972601014203e-03
5.406750298223897931e-03
5.332224926546920776e-03
5.428913844370159350e-03
5.398847049966752111e-03
5.306723244875632961e-03
5.685769418687928317e-03
5.759403497848191236e-03
5.655809931217305880e-03
5.789987666112775960e-03
5.656044681398342960e-03
6.034136778476226030e-03
6.089541910659018210e-03
6.195085831333443406e-03
5.761192115708987579e-03
6.485999027289460726e-03
6.116130869979654293e-03
6.676930003032603873e-03
6.318885906318946755e-03
6.261512415118891846e-03
6.514799175677113419e-03
6.372171231618843287e-03
6.532879154492856125e-03
6.523554495463113230e-03
6.449816845677067145e-03
6.543663671770656373e-03
6.520125648149192182e-03
6.362683569947829437e-03
6.558004934172998596e-03
6.635890189623381424e-03
6.663125989345161128e-03
6.585836738187196560e-03
6.763612250185777053e-03
6.803733563477483599e-03
6.716886473708459648e-03
6.708042500242998932e-03
6.865636918149194308e-03
7.084634453965887695e-03
7.109300695590892866e-03
7.477094572588951181e-03
