7.734289497471927245e-04
9.598827638318029390e-04
1.025020772737733361e-03
1.173288613725244432e-03
1.552210053366221646e-03
1.376307360158207736e-03
9.964947075991148311e-04
6.196497405847806780e-04
6.333987249500965585e-04
2.111902502313088830e-03
3.107733174300428367e-03
2.788091049623790674e-03
2.531466379551101931e-03
1.506798960179550834e-03
8.078010247894719343e-04
9.768438588283704250e-04
1.901713042949022782e-03
8.978838247529575883e-04
1.070849492811085145e-03
1.109946895851178072e-03
1.372824370693624587e-03
1.681281243231189278e-03
1.375725681192419480e-03
1.011813478021139460e-03
4.810428330570124715e-04
6.961564355519380158e-04
1.742162375470225665e-03
2.406066008895803039e-03
2.323775022458075910e-03
1.922841273114775807e-03
1.148914132827076606e-03
6.133567847918426370e-04
1.133448436458626410e-03
1.638359955271308276e-03
6.533492189109994710e-04
8.662901400180345220e-04
1.223285452284839743e-03
1.626732455713025566e-03
1.656345782403865477e-03
1.368434628827518238e-03
1.061932874445834776e-03
4.485255379355355455e-04
7.425278341502285868e-04
1.335698718812023756e-03
1.642230118551615955e-03
1.726314063142106187e-03
1.228111572079674477e-03
7.148509788891991385e-04
5.728629145645693045e-04
1.148776491329576207e-03
1.519476267603341035e-03
5.457774432522527214e-04
7.215946326764781458e-04
1.265826488562514290e-03
1.873725512473100978e-03
1.721976272594392867e-03
1.462727073538169515e-03
1.184335888855243000e-03
5.489312991332471504e-04
5.989541833320360335e-04
1.022489558319362437e-03
1.128840786038657219e-03
1.232862357426895089e-03
7.466697945060689432e-04
5.018230307889118757e-04
5.237872142009855668e-04
7.334745206524816499e-04
1.267259453915143283e-03
5.206233204415674923e-04
6.846478522828455685e-04
7.209819898511587088e-04
1.094274746065729059e-03
1.404672923885034704e-03
1.255196634303318076e-03
1.006128235060847103e-03
7.883129285627537034e-04
3.674262297454844797e-04
7.520105396763662091e-04
8.806586370206950743e-04
8.147294094179118300e-04
5.849261985296445908e-04
4.422828670214401080e-04
4.970009250336148571e-04
6.934568244084883711e-04
1.043936237692832947e-03
4.816294930289300390e-04
6.835798450400320039e-04
6.788138383894824117e-04
7.734512282388933662e-04
1.004306923891051502e-03
1.162233636871482564e-03
1.065022364426195054e-03
9.012435447801365063e-04
3.678976359327187614e-04
4.961018324986602715e-04
6.310434415517897832e-04
4.928195325846082770e-04
3.176357584359291628e-04
3.446619656836886255e-04
5.964274345530887851e-04
8.609075036444020649e-04
1.108481909744860093e-03
5.039714402362201759e-04
5.617583526319331862e-04
6.791311577799615407e-04
7.565485083320167871e-04
7.965159550141751900e-04
1.013158998462591366e-03
1.215864830974782351e-03
1.205977973308455971e-03
6.003166977943998886e-04
3.884480533640036507e-04
5.008976205430003791e-04
4.819570281909087888e-04
2.749244335206916341e-04
3.519448833644724757e-04
6.145351027462924148e-04
1.075035039586632376e-03
1.148853634138790334e-03
6.730278556266527327e-04
4.976850965719544157e-04
6.608358385522713737e-04
7.776283983434184068e-04
7.983973626507802346e-04
7.234742404537254992e-04
9.548140668802047263e-04
1.077086727522062444e-03
6.985870880608478642e-04
7.199173625767900288e-04
4.358079096072175335e-04
3.969788216473011744e-04
3.515665034836765049e-04
3.658599361484305389e-04
5.026993582422813319e-04
1.038278997195570593e-03
1.484820734332786612e-03
7.496365670407755845e-04
5.225377429402276773e-04
6.324169592241223438e-04
7.754909293202871638e-04
7.464291862724871862e-04
8.094648548056570039e-04
1.004394499605961019e-03
1.138853285922093294e-03
1.110346448932135943e-03
7.339482970033468301e-04
6.406093251713541360e-04
4.586043945524129737e-04
3.870904737994535372e-04
2.835333318543735545e-04
3.848801251877559827e-04
9.195197091092554079e-04
1.552130226464418922e-03
1.671701240656750867e-03
6.736909991569733133e-04
6.226266661051953460e-04
5.074004653129684681e-04
7.564659031589379386e-04
9.011475871620553421e-04
9.206808643059784594e-04
1.022565157644534381e-03
9.641503873333502790e-04
8.465567122349577965e-04
5.913577513413483325e-04
7.890326159305117298e-04
5.426474485881208022e-04
7.090352356611761241e-04
6.553492688029753785e-04
6.364657585456799486e-04
5.575592859826060919e-04
6.028492673394384837e-04
5.577980655800090625e-04
6.250242252698105750e-04
7.612674570318018769e-04
5.741265257087986486e-04
4.714202303230092639e-04
8.030420566877622453e-04
1.061674008627286033e-03
1.306087898320696305e-03
1.152348066313882858e-03
9.445757343527975535e-04
8.300019040954916385e-04
6.153480924163641031e-04
6.439029579207803658e-04
8.841947982024945911e-04
8.409201063534893755e-04
8.862434626096503398e-04
8.625839653770240797e-04
6.793558158064156704e-04
8.941029533325286138e-04
9.860277510760876059e-04
5.245203403442093033e-04
4.350634270839477073e-04
7.681881150837694978e-04
5.252158918072668062e-04
5.393095544717284827e-04
7.717159022106213906e-04
1.033965770280762973e-03
1.478427497858411871e-03
1.991673466864596689e-03
1.679267169217045453e-03
7.104166113677320028e-04
7.546826715717154565e-04
8.968635137831227309e-04
8.497224817198983666e-04
1.004756025098829360e-03
9.507513264968488762e-04
8.507919801252611641e-04
7.678203996312752333e-04
1.079215212944853279e-03
1.342117294585436866e-03
8.647190825490469294e-04
4.799825066093648643e-04
6.614942522196287471e-04
5.590685988577563745e-04
6.082809184876720923e-04
6.871955008821541491e-04
9.472452606377976822e-04
1.310047683086288002e-03
1.876410944491959699e-03
2.633739859284309898e-03
3.378857340496242614e-03
9.688581653943892239e-04
8.680379002491074624e-04
9.659904609905199668e-04
9.862257136958076098e-04
1.166900237263546495e-03
1.073253929635949308e-03
9.800909725384096983e-04
1.607654904004897876e-03
1.448234176953856799e-03
1.307560884383287235e-03
6.223296265253859582e-04
7.464008175590065332e-04
7.430322028780251675e-04
5.555476344535860075e-04
3.840482134497567369e-04
7.269213269098421344e-04
1.254147494190864390e-03
2.080420628608612571e-03
2.561104546688246133e-03
3.668529253578588049e-03
2.365370537415983996e-03
1.591406336179777446e-03
7.795922358761008366e-04
1.183468686924263585e-03
1.444289358097306441e-03
1.846753474157512755e-03
1.566691266561157309e-03
1.175406441259920030e-03
1.245913205647401637e-03
1.163308383122588826e-03
8.889558630880345022e-04
8.368109499386856614e-04
7.713274465183194263e-04
9.002920993593301361e-04
6.589894653873497668e-04
6.985363623734270905e-04
7.449706461741013863e-04
1.079249112040139326e-03
1.271515571920389491e-03
1.876661266210708813e-03
2.180500662351926924e-03
1.437353736752372156e-03
1.546404113877941286e-03
1.517478396247528335e-03
1.494634518494013242e-03
1.697128709259160522e-03
1.175613817497250715e-03
1.079414484582925113e-03
8.973016330365384246e-04
1.171017023787069861e-03
1.090168513441353753e-03
5.995309126845905839e-04
9.870511961033504294e-04
8.518024389579724291e-04
9.637681003450678050e-04
1.122676003515050633e-03
9.573808389851885857e-04
7.810391004333334984e-04
1.291981971498285886e-03
1.233664754610717864e-03
1.122823832661248335e-03
1.043914571362599981e-03
9.351446570598342251e-04
1.488989216453406221e-03
1.742632302267246641e-03
1.878203860787528226e-03
1.574383862839823407e-03
1.173790230342511417e-03
9.411006872908452741e-04
9.118924911521124462e-04
1.595793595391043190e-03
1.424076140261767943e-03
8.801022398003032149e-04
1.025839682584733055e-03
9.996355825177070508e-04
1.070637057085385398e-03
1.336253473137536665e-03
1.845172909873255256e-03
2.382974585078740173e-03
2.485831247203135544e-03
2.375593272906340817e-03
2.076970967935042479e-03
1.589154358953237534e-03
1.285246589085024338e-03
1.410277879514386162e-03
1.964574499877190603e-03
2.246398648137247576e-03
2.055376922460586901e-03
1.699710249105531234e-03
1.506716211776385232e-03
1.615724845506836876e-03
1.541725642393144404e-03
1.614896910202302197e-03
1.070306474196442131e-03
1.079261148599593764e-03
1.270669188057438640e-03
1.476649116473586435e-03
1.977236365920372399e-03
2.532065689061465015e-03
2.819108195979608700e-03
3.469645919466621264e-03
3.355985345172413353e-03
9.681092640594317691e-03
9.951336164121631078e-03
1.493920366086191236e-03
2.994635874232842200e-03
2.427821443285374699e-03
2.301060845761486624e-03
2.131585016051369946e-03
1.858695797371060724e-03
1.980428939706154259e-03
1.671720714716429072e-03
1.217853931940338563e-03
1.032413930496138077e-03
1.025811036567339822e-03
1.063936756233151105e-03
1.392052741721272469e-03
1.771842668439900037e-03
2.052785998754454253e-03
2.694154166082820059e-03
3.625942241097015670e-03
3.924235952704140280e-03
8.827415393048038475e-03
8.165465583475410571e-03
3.054087093424345117e-03
3.795085803043486868e-03
2.102817332874355565e-03
2.319145008523980020e-03
2.160838546147674823e-03
1.970142719932318869e-03
1.874911559620097814e-03
1.653317226034201840e-03
1.294307421181309196e-03
1.158203246867221337e-03
8.780423870958974303e-04
8.448324678988938970e-04
1.056017378329435511e-03
1.430651365931072568e-03
1.832891948222904830e-03
2.148542890006027457e-03
3.272886039411879167e-03
3.675389655583192593e-03
4.574747070384976161e-03
4.502431942762158586e-03
3.786760039975490058e-03
3.673235135149011728e-03
2.101259295608890083e-03
1.836426537797859575e-03
2.032009823237325950e-03
1.743482586697497417e-03
2.022473110158122100e-03
1.712394489781156716e-03
1.493200646671518934e-03
1.362544307851473301e-03
7.505056738011078431e-04
7.260728603244623021e-04
7.105803334944242860e-04
1.263810857329936187e-03
1.792159855622128470e-03
1.812810511550646229e-03
2.770951767488032125e-03
4.145616963898974064e-03
4.519024437827743636e-03
4.343294528747249257e-03
3.596758601396982807e-03
3.202821584411875890e-03
2.038418491936048061e-03
1.853594063320772745e-03
2.079932928854453036e-03
1.691210236049811924e-03
2.075718571248809808e-03
1.796697928266746333e-03
1.642868376017830607e-03
1.526056197628881169e-03
4.837735297074645825e-04
5.095640336048234617e-04
7.366118311693661607e-04
9.535105985306789817e-04
1.276094231001111872e-03
1.916182581910842644e-03
2.836772387198518031e-03
3.614546974409329864e-03
3.287895908317622819e-03
3.217233444323365759e-03
3.160788298301984555e-03
2.597804161493687345e-03
1.713198905266570234e-03
1.410188673984970852e-03
1.323778451723831365e-03
1.467259974857227115e-03
1.586327760930309220e-03
1.588749217936831970e-03
1.765976686114340737e-03
1.691251315615987507e-03
4.604699226159058461e-04
4.763400673949986629e-04
8.125887540158595627e-04
1.051208095918043347e-03
9.562588228812713472e-04
1.509731894442707016e-03
2.449717976969112074e-03
2.190576900278082186e-03
1.934312972020399597e-03
1.670006479481967723e-03
1.999847894387968544e-03
1.721955246875439202e-03
1.306255255156102500e-03
1.112643726107277135e-03
1.048658739021989710e-03
9.713408830209394702e-04
1.523932044425707231e-03
1.643364751983559429e-03
1.896619320627343681e-03
1.631194835507802790e-03
5.989275673885693626e-04
8.896677911783872550e-04
9.624632441679413898e-04
9.692752514076366987e-04
8.424317537482535218e-04
1.046379693271069083e-03
1.348462165071723142e-03
1.344185741095060664e-03
9.827987667633576729e-04
1.352797011227420236e-03
1.378515850375877433e-03
1.191584312937777126e-03
8.363138264296262172e-04
8.951150288993722998e-04
7.332318117109577673e-04
7.720785058532537515e-04
1.388897135686338515e-03
1.478370906931630608e-03
1.579082136701667012e-03
1.000116406573673278e-03
1.143560263464290161e-03
9.460810812587818050e-04
9.238965066380045582e-04
1.026459320793660914e-03
5.498216853717740162e-04
6.016429743907424597e-04
5.920524656605184212e-04
7.144625539357742213e-04
7.769117587026250606e-04
7.983599213904208876e-04
7.385119372812686206e-04
4.814712689101193497e-04
6.940420690840214558e-04
6.209213621495814550e-04
5.694198725598581794e-04
1.389983560094672698e-03
1.489007280448849347e-03
1.924361468533451703e-03
1.908278835707166244e-03
8.731640069588516304e-04
9.852411131259430563e-04
1.256255516677759997e-03
1.125134271307942548e-03
1.036587281131677455e-03
1.101212675442521426e-03
6.185913918895667371e-04
3.964004546320170231e-04
7.492241533368491262e-04
5.194371712676594316e-04
6.685816797982440784e-04
9.003022157199931522e-04
1.132046415671978225e-03
7.279175595286187673e-04
6.115642988405535279e-04
5.588140966517201897e-04
6.979464689332447354e-04
1.177525869832280001e-03
1.519012819515185454e-03
2.083021969523992344e-03
8.806580614842725177e-04
9.782571826925437735e-04
1.267189630882793652e-03
1.196996936721078392e-03
1.094860213107607316e-03
1.160819826417424728e-03
8.638764239763945408e-04
8.645666072542747401e-04
8.012387231829461599e-04
6.238547771164540531e-04
8.251620273451122298e-04
1.117624130539512364e-03
1.360402580839843376e-03
1.489434095643711901e-03
1.328496885056910980e-03
8.627463111214423667e-04
8.904441113301207961e-04
9.605433540732673508e-04
1.558405399489938645e-03
2.093864667616533639e-03
8.986820100565974133e-04
9.558143910397304700e-04
1.419721077081192648e-03
1.102660207098789388e-03
1.026138380755869115e-03
1.021097456052731927e-03
8.655670151281893120e-04
8.975691632943207446e-04
6.296031302615497658e-04
9.073253271033924995e-04
9.387120541729283710e-04
1.123541429785362717e-03
1.196493525149593595e-03
1.566605251334775035e-03
1.453501842078867845e-03
1.333338804961590324e-03
1.085110521467214269e-03
1.160079152898842083e-03
1.965176094365253794e-03
2.043909089786283013e-03
8.867591556705785175e-04
9.772197730588108502e-04
1.242252610874979620e-03
1.060457408344477699e-03
1.030675983161069044e-03
9.942304112770584436e-04
8.629482616199536660e-04
8.963009112336662622e-04
9.892027866974305132e-04
1.093462847298785510e-03
1.025392514329110738e-03
1.018428738134798117e-03
1.269860109418965467e-03
1.425906155765935528e-03
1.417965016045262322e-03
1.525741410598661137e-03
1.319513295180677016e-03
1.231131332225344132e-03
1.872356175288055705e-03
8.617493669303615076e-04
1.062487492735466341e-03
1.223410479724407196e-03
1.136734589850634620e-03
8.874017054612716579e-04
1.133054086750142969e-03
8.730001308107644253e-04
9.351901689104819785e-04
1.104657695199666488e-03
1.190803599742691100e-03
8.348852416939949502e-04
8.230836842250958052e-04
9.057605645640260912e-04
1.332387223504902284e-03
1.355270394699627148e-03
1.561867381875099671e-03
1.477007911111531723e-03
1.277858673940213954e-03
8.180150134342440132e-04
8.839287198661418187e-04
1.073399433091785145e-03
1.005968602185838617e-03
1.007900112884098278e-03
1.034446018800306861e-03
9.656748786736070976e-04
1.124120851078729997e-03
1.104961426698424865e-03
1.248910850479026825e-03
9.399373529039407264e-04
8.421522444846589548e-04
8.722703104048674678e-04
9.661088998460869940e-04
1.141104164397281151e-03
1.442098691850230915e-03
1.149141391885749337e-03
7.493525869056079933e-04
8.216152030430483441e-04
1.037029298336318399e-03
1.109672616120804464e-03
1.072274709350607346e-03
1.109610343079888524e-03
1.046028207945689809e-03
1.187211980394433037e-03
1.290198703286018177e-03
1.273342570436469551e-03
1.065158936603183108e-03
8.758037649304343999e-04
7.786432113053716160e-04
7.151974420052733010e-04
6.527279247268197217e-04
8.715250100312608170e-04
8.937838602434383228e-04
7.546220728185739106e-04
8.584276846285616731e-04
1.059402219867438362e-03
1.180698540522141359e-03
1.309148757980110964e-03
8.403644007578324297e-04
1.117857863728919645e-03
1.179369480422373532e-03
1.313302545609434067e-03
1.269196338030729489e-03
8.493914540982648630e-04
6.690723062859157315e-04
6.681534617333516378e-04
7.924155523121524831e-04
6.313524784499340318e-04
6.477665627019459429e-04
7.690840892577439480e-04
8.572427074560957970e-04
1.148900027606594536e-03
9.092637913280658983e-04
8.033506593175148477e-04
8.465017851316526632e-04
1.073113830990335893e-03
1.201999195840921207e-03
1.316033675220240270e-03
1.186576127754838342e-03
9.155280448580056362e-04
7.487962864799781182e-04
9.578859559103344032e-04
9.379455142162656297e-04
8.014298849896099022e-04
6.980934609355551315e-04
8.615518637587514864e-04
8.677318692207336426e-04
6.921661787488487573e-04
8.440835799059171526e-04
8.652625040391858204e-04
8.569454795189117898e-04
1.048027129655473627e-03
1.258553623148564579e-03
1.355188202866342657e-03
1.326652834966276454e-03
8.382193163414014981e-04
9.114355675541283052e-04
9.747978340405343478e-04
9.768232114592126977e-04
8.776162128393234308e-04
8.904252285033129781e-04
9.253825992345809937e-04
6.873484366060642970e-04
7.368103088287824946e-04
8.572114296676068080e-04
9.166559288173579305e-04
1.005941164794932688e-03
1.123189831968773519e-03
1.173498396751251026e-03
6.902864401678690835e-04
7.044661376792728767e-04
9.704011563065179351e-04
8.847523278561995885e-04
7.795078465401121277e-04
7.214927653457676743e-04
8.930153726192002935e-04
8.036691402451375714e-04
8.073877752496955076e-04
8.904660288035200297e-04
8.641525454233201994e-04
9.137701054804780315e-04
8.028590151768051847e-04
8.123485852828186927e-04
7.417884948297163257e-04
4.719009968253334093e-04
5.884396822683597098e-04
1.034596151400232018e-03
7.872889864813075855e-04
6.434883375578884365e-04
6.622401134142379912e-04
9.542861011590850597e-04
8.842921240276164748e-04
8.836537076348669134e-04
9.419674137502574056e-04
8.740948220149854413e-04
7.701897470468885504e-04
7.459397919559746914e-04
7.061146074131633690e-04
7.077400269133321282e-04
4.638127532651584975e-04
7.381249281964945416e-04
8.239086856019128477e-04
6.360939822913137288e-04
6.839493734322572242e-04
8.782546632410435450e-04
7.855585577447762565e-04
8.135232865140679202e-04
8.684008204367723053e-04
9.839713699027394494e-04
6.870338902547118345e-04
6.842573246594225739e-04
6.584847304091025373e-04
7.219558445673980411e-04
4.760457223720764627e-04
7.939128534805574115e-04
7.468816507712341219e-04
7.020271601668150651e-04
5.753893016711965304e-04
8.982299628217568473e-04
7.113561327202936420e-04
7.159470402625169342e-04
8.290739876500675737e-04
9.341737611240215041e-04
7.122976475217369409e-04
7.389139677031656512e-04
7.669161586614137334e-04
9.973888086636415688e-04
9.059325394252042921e-04
7.740807735225123344e-04
7.308458796901147383e-04
6.464780983580485120e-04
8.034987356827668053e-04
1.286607319384478441e-03
8.481616635670823036e-04
8.122363242875324085e-04
7.770934633994370632e-04
8.692226341266310946e-04
7.053856015875098386e-04
7.290694171960433864e-04
9.544833008660359719e-04
1.085012068113919018e-03
7.970347592418783106e-04
8.367130302646187158e-04
7.517287086465217899e-04
8.510155755348942615e-04
9.518203697052229559e-04
1.261949853113528012e-03
9.426457932993267128e-04
8.736527995781952563e-04
8.781718278533957173e-04
6.979334199529015287e-04
6.937770947311700876e-04
7.492357320832402799e-04
9.627787375383162986e-04
1.219464552306224808e-03
9.025398830182097126e-04
9.287574310169628960e-04
1.001935205576036251e-03
1.135642429698635256e-03
1.360481584005141529e-03
1.027901186032241596e-03
9.100482788648498302e-04
7.331254735086740549e-04
7.518418447187777279e-04
6.704971853518083792e-04
8.371690957901182627e-04
1.200468449466181612e-03
1.005755018003368648e-03
1.056943783337731778e-03
1.147876951609361554e-03
1.283207875571810118e-03
