1.368020769819392913e-06
1.861128592100655865e-04
3.774814899746909065e-04
5.160535568426575289e-04
6.017931473109394778e-04
6.533096846930118440e-04
6.598566245436680898e-04
6.581120810813407282e-04
6.643180658726000228e-04
6.793509939731481526e-04
7.080592102531455467e-04
7.432565853473272225e-04
7.895411281567310448e-04
8.517623479523468884e-04
9.272451690719365081e-04
1.005812375554089588e-03
1.089018371727357853e-03
1.177077803522146070e-03
1.180698884317665960e-03
1.194342959515112910e-03
1.216086623167005965e-03
1.248574800433862762e-03
1.299756560377875398e-03
1.363218774322995722e-03
1.353593426547043720e-03
1.347761542087723072e-03
1.345800122023524826e-03
1.347269931973746771e-03
1.352887727018184903e-03
1.363128410110278112e-03
1.364363371100488827e-03
1.368460655322113143e-03
1.373598944722322470e-03
1.379727041053967164e-03
1.386615333837001125e-03
1.394663173566677286e-03
1.399726378855616158e-03
1.405954057181160255e-03
1.412638016979920856e-03
1.420015542448257052e-03
1.428119504400827576e-03
1.436712642716693597e-03
1.412714144181617410e-03
1.390341341236322201e-03
1.371428954533267155e-03
1.355681008421139293e-03
1.343595362737706571e-03
1.334740039879542652e-03
1.332197020600454744e-03
1.333145271052352861e-03
1.337180207307475969e-03
1.342863560996611924e-03
1.350675750801434878e-03
1.361598562214862444e-03
1.354328026427157250e-03
1.349259373045914043e-03
1.346307394969556339e-03
1.344576725577484484e-03
1.345209829715423092e-03
1.346138035227893281e-03
1.347854441600252568e-03
1.350619450127108715e-03
1.365645768439198524e-03
1.387662790790053892e-03
1.415062377294702342e-03
1.446659329941731584e-03
1.426730470741606471e-03
1.411402305404208185e-03
1.399855886387007392e-03
1.388108954339468655e-03
1.379534741208391290e-03
1.373568485335249344e-03
1.341982825774411768e-03
1.313962667435499129e-03
1.287509158709426510e-03
1.269155199124772770e-03
1.254477199341178916e-03
1.257288744226290039e-03
1.271098436078051943e-03
1.303281904065966938e-03
1.345544605753527800e-03
1.395175664421903581e-03
1.340891271623135530e-03
1.297950241225969727e-03
1.273633292758854412e-03
1.229398478387400259e-03
1.193698142532988215e-03
1.170584946883451109e-03
1.161886159148821721e-03
