4.486691081122066429e-04
7.966079361987917331e-04
4.205386143889320140e-04
2.419496206252762520e-04
6.167428944720311501e-04
5.865609168671490114e-04
4.951398233684260828e-04
3.636021983255161450e-04
6.823807619930653346e-04
8.627770290699567383e-04
1.693038657056481714e-03
1.223826200146688409e-03
1.177899630542771255e-03
7.337775978055688462e-04
4.206760472544793369e-04
6.769105185116274827e-04
3.817542246804478488e-04
2.494254934318949576e-04
6.349734710843376023e-04
3.421537452534343651e-04
3.010141401645842593e-04
6.788730767838070451e-04
5.290729904107833396e-04
4.376301416352893761e-04
3.053755028529113653e-04
4.585831310976757214e-04
6.363210948498061997e-04
1.154649811744522508e-03
1.125555390000259606e-03
1.013775650422308640e-03
4.979881758506022986e-04
2.491253263348441275e-04
7.769163368332586590e-04
5.129976041112722452e-04
2.717069779219252182e-04
2.069099481855885242e-04
3.037366262647542823e-04
4.516160743457547661e-04
5.952558176738492485e-04
5.069329099876157280e-04
3.585362953416417245e-04
3.080359565910328543e-04
3.378448348617955400e-04
4.900856037739287699e-04
5.987850488739067736e-04
7.793931695998886815e-04
5.515047732944694438e-04
2.645474369376060644e-04
2.761840234311779070e-04
7.145756782356942321e-04
6.520816313333056141e-04
2.730641137348132339e-04
1.976536063665754401e-04
3.621507582537243967e-04
6.306544469481103815e-04
6.407846518781747406e-04
5.982465665327028892e-04
4.031513242071934028e-04
3.603940222705348008e-04
2.898150751513711449e-04
3.367680585367626074e-04
3.158343835535009432e-04
5.128132938041111239e-04
3.460788447933083219e-04
2.886430128854228661e-04
2.906430627773986652e-04
3.790891038651546924e-04
7.958182845306530561e-04
2.515462928273704858e-04
1.901172185212038812e-04
2.314631063281819934e-04
2.405625255255216914e-04
2.998730188675140847e-04
2.151919173055820184e-04
2.633577024333932232e-04
4.531633464640445991e-04
3.031018409836158190e-04
3.272484611259417740e-04
2.601586512467834143e-04
3.694564527884293035e-04
3.380337223185623922e-04
4.383760067540105779e-04
2.926747639025195115e-04
5.147156012610772840e-04
4.302109277733926060e-04
3.025391337911734506e-04
2.472429756033286486e-04
3.066903001136993875e-04
4.407954349946439942e-04
2.763527811745579280e-04
1.568379131763169014e-04
2.175197214557883420e-04
3.917792686418201378e-04
4.133123046394144326e-04
2.623425503627637616e-04
4.999463530152701467e-04
3.363696277518285916e-04
4.108932752684125132e-04
1.826325007662009761e-04
2.958014570804459167e-04
4.234484062017349970e-04
4.809758196888345170e-04
3.932916632529054909e-04
3.216309954276245467e-04
3.616737222738480081e-04
3.696575530626800866e-04
2.991010780247409869e-04
2.222945913672447205e-04
2.874657093139177007e-04
4.548462358920761788e-04
4.126894120336248761e-04
2.334636081470532482e-04
4.704730595681774373e-04
4.230628229593962498e-04
3.282407645641020129e-04
2.661484706979454239e-04
3.195665750568836994e-04
7.925794009914559303e-04
8.876070830175715508e-04
2.678766679228021985e-04
2.234447747468948364e-04
1.633368390664625600e-04
3.799829485543658133e-04
2.638594341579448069e-04
1.690499798467989681e-04
2.303599076492063042e-04
4.053015701389044590e-04
4.751023449254839870e-04
3.565025065889519088e-04
2.887246481488259741e-04
2.915522271997473408e-04
2.726548488037347051e-04
2.748708899938658522e-04
2.752987646989608298e-04
6.438304952691110625e-04
1.055342553371793829e-03
5.667816554562429181e-04
1.644254191203063848e-04
1.603718428464418096e-04
1.994426247109188245e-04
3.320496487483549550e-04
2.876005104083693216e-04
4.439233603437295035e-04
4.931618511844217644e-04
5.288795264584294793e-04
2.386153602365697322e-04
3.136295506081889276e-04
3.225179467601387950e-04
2.284274708605214582e-04
3.922751102743021485e-04
2.508607844748858692e-04
4.754946881047125576e-04
1.028466399424196641e-03
1.173011560955744157e-03
5.363373378856798419e-04
4.667929593431815538e-04
2.316189406628019415e-04
2.629626542329788208e-04
4.360023467393403691e-04
5.584629985053887443e-04
9.048886994799871294e-04
7.359501120916912614e-04
5.455755764681301419e-04
3.908948051962959523e-04
3.358331728684768114e-04
3.113030597274558074e-04
2.122653685536319234e-04
2.678783356703901778e-04
3.122490872576665446e-04
3.324428238393215907e-04
1.866730045150504901e-04
2.860829150408841044e-04
3.599219672967878870e-04
4.907839125796650001e-04
4.202039451913887141e-04
2.803038491794232609e-04
3.834424352043130230e-04
4.463640219542417396e-04
6.092079506998651422e-04
1.012304347803753357e-03
9.173880006824986465e-04
5.649121404949868346e-04
3.284436462216832470e-04
3.706396248693881392e-04
1.856388623585526905e-04
2.064356211510099792e-04
2.733053393620118532e-04
3.406387162551786354e-04
1.895730122086707156e-04
2.463255443850929775e-04
3.021767655952593097e-04
3.049434947498728629e-04
3.301978027552700907e-04
5.662922716040290133e-04
4.457357977883199445e-04
3.953747807091541572e-04
4.927281792579072403e-04
5.167401238773645456e-04
7.660468579845482531e-04
1.305765116566352671e-03
1.035433524194058486e-03
4.803252699418684253e-04
3.185346408673886539e-04
1.765194589669784721e-04
2.420546874152810395e-04
1.841950115193142102e-04
1.817398045337602125e-04
1.738178779193189679e-04
1.791166141629219055e-04
1.682588841054546589e-04
3.271203257896927209e-04
2.287556574250874876e-04
2.957637515965472544e-04
5.279517826739322031e-04
4.353201791141810060e-04
4.222575637899087940e-04
6.501956141731712012e-04
6.461935327126738706e-04
6.833659338482310714e-04
1.193168834688958235e-03
1.682305467848697325e-03
2.498388410744707168e-03
4.147476558521222636e-04
1.976955917485979139e-04
3.362549782803889034e-04
5.377508841161982543e-04
2.829343122377824351e-04
2.827944045656182598e-04
2.116874446359913095e-04
3.507907209352830640e-04
2.724695427531606757e-04
2.563909386818328411e-04
4.799263447188259523e-04
5.161445378587487063e-04
5.113961426227279800e-04
6.824382109923308667e-04
9.063352108671424070e-04
5.489838926979665043e-04
8.761676112085246175e-04
1.764093337350347091e-03
2.278736039075288967e-03
3.005953244027796678e-03
1.868210277739870522e-03
1.824702999523181548e-03
5.182651593611481509e-04
4.102393842218548126e-04
4.654000984149032709e-04
5.033192005050316420e-04
4.481964985306343525e-04
3.347697437562969537e-04
1.806139715769317685e-04
1.697859444310156126e-04
2.465735325652562032e-04
5.161098487089189543e-04
4.371248729778140041e-04
6.835820425427362223e-04
6.138723908682886974e-04
9.973823417271121018e-04
4.907012603172425510e-04
6.691287637928898914e-04
7.586301764829104718e-04
1.085733037358254478e-03
1.454462250171417552e-03
7.434399207279588631e-04
8.345307413425841030e-04
4.648722943998977609e-04
5.989421657391227156e-04
2.466913657995422411e-04
2.657150996200154428e-04
2.827745956483851755e-04
3.837948204593711970e-04
1.682502039697732785e-04
2.032316844449953968e-04
4.157214896397644160e-04
5.259986579669325259e-04
4.121742022924878429e-04
5.498578604520036519e-04
7.044662449383333426e-04
4.460754375276940751e-04
1.026064052842976014e-03
5.735321116916248857e-04
1.175428207000989546e-03
8.951480071363824296e-04
6.591112488943538968e-04
6.949837853232126387e-04
8.190937805920839310e-04
6.957466265590851219e-04
2.843612357660123551e-04
3.570486932699934966e-04
4.034897657843788195e-04
5.770528877384207417e-04
5.607074335887190977e-04
2.222696444794033390e-04
2.810872902863480877e-04
5.210454293181386934e-04
4.069769409683982801e-04
3.075497172605455598e-04
4.611611523236451506e-04
8.428827597853842234e-04
1.028307085710295204e-03
1.516343711802129032e-03
1.550127187053139356e-03
1.169814838075570887e-03
1.200254619372694617e-03
1.416604468871033489e-03
1.803770051808672049e-03
1.096409371415718289e-03
5.686445175761649633e-04
4.038139706833309057e-04
3.535993726861275783e-04
2.371021023208505713e-04
2.011730586795994484e-04
3.132485271839613276e-04
3.590908874705266520e-04
5.743886249956120169e-04
5.340505904109960240e-04
4.146812023239189265e-04
5.406312503213627808e-04
7.518857738442635049e-04
1.052084609112712748e-03
1.567035246368372143e-03
1.687198074199677865e-03
2.356807295798083336e-03
2.263962055734369382e-03
1.097622262104675991e-03
7.171628374104084070e-04
1.764047401695606389e-03
1.261818587562210528e-03
4.764917330146673045e-04
4.408118011576405999e-04
4.062679010244567919e-04
2.963787959783934682e-04
4.264084161834770319e-04
3.259729520742143363e-04
5.147554859351575508e-04
5.659016445697693598e-04
1.094446750357747078e-03
3.547965747754225655e-04
5.953950216219331673e-04
1.099600239520829659e-03
1.092922659276911353e-03
1.636972248010086202e-03
2.729186913772915172e-03
2.888351275972771050e-03
1.035543122025353244e-03
1.717861334981627070e-03
1.301274991991898397e-03
1.583115394572651201e-03
4.754939739163337111e-04
3.882899822855598532e-04
3.334242154666212411e-04
2.781422756444872101e-04
3.392706740270839526e-04
4.887183882254228029e-04
4.559063478216026375e-04
5.054512804143884014e-04
8.932570102781559876e-04
6.339939466803178091e-04
7.288397539647694214e-04
9.648930464525905595e-04
1.312496875716226766e-03
1.194039842354531434e-03
2.413557181160980517e-03
2.679164240168135317e-03
2.975184488155371669e-03
2.334252791871640944e-03
1.569003082244144242e-03
1.470400056573810919e-03
6.091648688555558995e-04
5.234056322448206325e-04
2.426597972536522244e-04
2.098546901016673939e-04
5.222837332102438354e-04
4.533407725707701004e-04
4.493112314827321608e-04
1.876833573967385724e-04
7.260373739258836525e-04
8.163510944715208746e-04
5.594581300837480091e-04
1.039677611199008858e-03
1.441815923938653170e-03
1.204527788952495290e-03
2.237294538318064518e-03
2.605876439640800787e-03
2.640531500709881324e-03
2.125936155495223179e-03
1.482932088017631118e-03
1.276564875910623760e-03
6.725124470638425443e-04
6.496386329141141469e-04
2.845702738647631642e-04
2.717053121363932448e-04
5.397009888920263707e-04
4.654207647506022265e-04
2.111764232303654256e-04
1.886547268420625165e-04
8.494382138165194971e-04
4.361484257315986551e-04
5.839545661688185603e-04
1.035337590120649067e-03
9.917933873183439920e-04
1.874137155743043790e-03
2.439706295917040690e-03
2.496149733641676513e-03
1.954883115962566080e-03
1.231206387406989398e-03
1.253827008696042694e-03
1.028959928896327775e-03
5.452462335985698398e-04
3.479805623254414318e-04
3.614311598325043850e-04
1.593476470057549120e-04
3.240515786652149797e-04
1.740962570386656288e-04
2.201946970242797653e-04
2.042220151993665836e-04
7.216679952578262947e-04
6.423138730813947664e-04
9.209255222231149673e-04
9.451198804956138268e-04
1.194143557941980535e-03
1.556479411325260463e-03
2.280853189046630567e-03
1.777601689937409468e-03
1.387930828345458091e-03
1.227515545579489775e-03
8.766562704080611401e-04
8.578075738911506744e-04
5.974581509598352741e-04
3.677507642698422041e-04
3.601672295271680468e-04
5.081973268828364997e-04
2.879424993827771708e-04
1.700721273010366357e-04
2.319076454287834449e-04
3.495776000317562734e-04
6.023829415691702273e-04
8.345592787928795327e-04
1.092685684771015422e-03
1.075121139835440815e-03
1.378901899279503379e-03
1.461079600528719744e-03
1.407703201631816661e-03
1.738671464531609152e-03
1.668516897041810937e-03
1.914088666606485276e-03
1.701308891773642461e-03
1.166907762157013946e-03
5.551315857139363851e-04
7.735737520950229261e-04
5.556441937688361490e-04
4.583894944843951266e-04
1.827548153363586824e-04
1.693459782288985187e-04
2.907842784868866948e-04
9.184294966248314398e-04
1.088386359676886146e-03
7.600990919333495792e-04
6.591401826799585164e-04
1.065434223522296027e-03
1.508372841047102200e-03
1.304472268171859599e-03
2.136974292022458550e-03
2.009907355427407137e-03
1.605957045397731668e-03
1.378522797362104592e-03
8.804845353725805320e-04
6.645122815049096842e-04
7.226322672926308076e-04
5.147992633283138275e-04
3.920369938518224119e-04
1.867933125559533534e-04
2.560048165281167106e-04
2.721501828244562863e-04
5.113991668050209142e-04
6.554210139961724919e-04
8.774978642383318098e-04
1.171408964090802718e-03
9.416546358653668644e-04
6.993329989608753836e-04
1.132864374248834100e-03
1.811877751116002444e-03
1.591348178224282362e-03
1.340707868672488768e-03
2.055466509936900582e-03
1.683248157267657483e-03
9.018806295908903588e-04
7.490756176869918124e-04
4.388731014862489268e-04
7.066667247354314983e-04
4.938123904670892661e-04
5.837172489571437273e-04
2.200287254003996211e-04
3.262603488028719312e-04
4.303888993316821771e-04
6.801999917023637127e-04
8.282125351971454360e-04
1.157137690886352824e-03
9.833397971612683770e-04
7.215995195039203109e-04
1.167487656551130775e-03
1.300029038043504399e-03
1.359579446359296829e-03
1.313117050220457280e-03
7.296811548595348454e-04
6.073372689693161148e-04
9.257593244481623039e-04
8.597146726888342440e-04
8.463561718006816850e-04
5.013627873921997153e-04
6.023006503250491863e-04
6.006147367147247808e-04
4.648789763450622559e-04
4.293145193310266179e-04
4.984009592385774297e-04
7.204216580544964797e-04
7.526728983842924338e-04
1.328014308230930553e-03
9.010664469907793059e-04
6.196464966522173545e-04
6.336429669113641423e-04
6.359435324923375836e-04
1.291653214629446622e-03
1.145815393060780653e-03
6.746011838484346733e-04
6.385486431712849610e-04
9.330760300410597232e-04
7.335297911155843004e-04
7.598292595298772496e-04
5.773056711834132805e-04
4.324968799613834779e-04
6.470628281573901101e-04
2.758427826541193489e-04
4.062522098087192933e-04
5.064690799525614498e-04
8.399842223257161051e-04
8.481259175230947481e-04
1.038121708323446477e-03
8.114526634303371923e-04
6.098008997152360930e-04
5.731010035182653372e-04
6.901682720760281666e-04
5.005797622411438125e-04
1.752317333698607572e-03
8.504706686048694748e-04
6.423027599962909204e-04
1.036541484128892989e-03
6.343831038076346625e-04
6.068468968949040183e-04
5.156594365207332062e-04
5.625077847684367173e-04
7.156867094421654873e-04
3.903851101405165364e-04
7.466415696766938752e-04
8.670640272203456247e-04
8.851274471269564292e-04
1.022643671276864119e-03
6.647736901480160061e-04
4.138025256355156974e-04
6.943479012907220662e-04
5.482213278667310468e-04
5.600675521941667241e-04
5.481329254722327061e-04
1.206806970739297694e-03
2.344174315797144053e-04
3.917756166016118057e-04
3.541832485006012748e-04
5.629433782017800002e-04
4.258341877982857546e-04
6.265601122312331687e-04
7.782177842651189859e-04
5.099485743414150073e-04
7.745727394404036117e-04
6.789810788095666707e-04
7.367888360880733888e-04
7.281283523594395644e-04
3.989288646183656727e-04
5.247568962781616348e-04
6.192727223708388486e-04
6.101420777065030571e-04
5.426005502179097155e-04
7.133470021523116667e-04
2.938742341285341180e-04
4.406959823008333474e-04
3.107174716921250971e-04
2.670609823878059312e-04
3.376647704437877586e-04
9.798557978918712424e-04
5.221481204786327691e-04
7.363335972421624492e-04
6.099681924568133018e-04
6.025165758943289585e-04
6.189139643579386800e-04
4.695619906434852250e-04
6.263934159546755880e-04
6.714654939897944869e-04
7.789458430717500700e-04
6.423092164685216890e-04
8.092053088076999129e-04
4.572072144848912212e-04
4.381185496916596852e-04
3.498698858769212923e-04
4.414726229217112740e-04
2.199928537848290402e-04
4.928483094057340471e-04
3.232974035853750311e-04
6.682454828131064806e-04
5.314409356103853843e-04
5.867144804489746656e-04
6.334564303246777075e-04
9.769015432743543940e-04
4.792206219575378089e-04
5.982329943374301842e-04
6.516203493549582639e-04
5.758561539264876825e-04
6.955817676662059057e-04
2.437848283836011173e-04
5.447031234213140817e-04
3.927956159315542772e-04
4.084379467171397340e-04
3.406221015650904367e-04
2.478452483087443441e-04
5.103528834460826146e-04
4.583972223689047388e-04
9.297988367047202831e-04
9.386772917730084893e-04
5.076767227957757964e-04
4.500875019290474267e-04
6.066356377487771906e-04
5.397761156887150675e-04
5.913652751720353861e-04
5.657799918664975503e-04
5.725830939880917131e-04
4.392179118971643805e-04
5.297759836251857667e-04
2.953341463580727577e-04
3.291126366788417034e-04
2.872182338843854376e-04
7.472981102346034276e-04
7.022263042712479763e-04
4.577310337276940984e-04
5.675572274106272224e-04
4.766137663568003648e-04
3.586694535412145580e-04
5.974301314923201019e-04
5.365592019444101251e-04
6.254195612384362557e-04
9.233320780684438692e-04
4.292950688160202671e-04
4.612993451588776918e-04
2.930195124729048184e-04
2.613383831895803918e-04
2.630442339047956899e-04
4.504133392585797104e-04
3.956549204467387426e-04
2.690984689620103966e-04
3.540848873639374905e-04
4.485743120312690735e-04
4.663609512401431056e-04
4.140994082508462357e-04
5.309208599704035286e-04
6.529345344542787730e-04
3.643718945762414781e-04
3.928118411535292797e-04
3.207506967729397101e-04
3.091758980384368746e-04
3.573559460052278848e-04
4.746049114115787472e-04
3.690870081105928572e-04
2.429988235235214233e-04
2.363608898908904350e-04
3.078442924980367393e-04
4.268282229143582234e-04
5.281584421068095296e-04
2.986761856447444751e-04
2.774837834948904120e-04
3.481499400785129897e-04
2.758737360493520490e-04
4.100265044174837147e-04
3.982166291392418532e-04
3.210504403929068996e-04
2.090028249083107832e-04
3.993359833872050114e-04
4.156429655431361425e-04
3.110514221231589242e-04
2.752623489398634622e-04
3.123874619100870729e-04
4.105391294768687008e-04
3.630147221383083975e-04
3.044576582948813363e-04
2.638622595185644232e-04
2.165558706090021566e-04
1.766855744749642554e-04
4.160279287757833529e-04
3.967611223794101317e-04
2.114602709267539705e-04
3.722820632431781481e-04
3.089438496011026863e-04
2.021377048130785527e-04
2.125450462270318786e-04
3.045594235986805827e-04
4.518819512443596003e-04
3.291512577888670962e-04
3.611430358350946790e-04
2.825826071621327174e-04
4.277241447668397238e-04
2.624476904028587060e-04
4.865184107146571283e-04
2.625303714421023046e-04
2.771526384769070514e-04
4.261236937371281675e-04
2.967885831433735738e-04
2.534068032596888185e-04
1.711185205351100757e-04
2.485356199439991629e-04
3.946972801611664614e-04
3.325983547092823756e-04
4.437639786118871771e-04
5.165762006399336314e-04
7.122181607096382278e-04
7.751374610103248198e-04
3.528551543863971758e-04
2.358690207677610878e-04
3.099737774657237532e-04
3.107338633618495632e-04
2.464541558469279282e-04
2.379637588275952404e-04
1.777077428577991029e-04
1.924283949009488229e-04
2.005056823404987112e-04
2.209924454434534049e-04
4.224137643749794452e-04
6.576289600703154022e-04
7.592239260171236093e-04
6.665957338187132293e-04
3.841566261992361000e-04
2.454861048922947204e-04
2.649059808513658525e-04
3.376886512812101652e-04
1.849819895591628795e-04
2.719869397664338283e-04
2.598143758231334405e-04
1.875129685308156370e-04
2.535463342171037008e-04
2.147847933045933847e-04
4.062168718723768550e-04
6.153406889251108883e-04
6.754962921017006140e-04
4.083393089305818757e-04
3.620552322879600957e-04
3.547160484415368977e-04
4.216931980061396990e-04
2.099827057525013310e-04
3.390647575594066222e-04
2.243089688460478707e-04
4.122022204519657862e-04
2.537589059786850092e-04
3.130126671258653373e-04
7.168493558014376633e-04
8.580983757679717071e-04
4.715993424898453040e-04
4.570346542770105966e-04
4.563018285225144241e-04
5.247632860404889601e-04
