1.368020769819392913e-06
1.346861721047779839e-04
1.615199865856174787e-04
1.749735139046320719e-04
1.962150425823659553e-04
2.183759826748523335e-04
2.267909766921038367e-04
2.397313677533334541e-04
2.557275761676164653e-04
2.851703101398815588e-04
3.133552683521069991e-04
3.332507064742315419e-04
3.517379225274372238e-04
3.814259212977906218e-04
4.037997423438355327e-04
4.432184965356895695e-04
4.779396262717755203e-04
5.149934566847178680e-04
5.301631259518165213e-04
5.551417431522039352e-04
5.697960864881441382e-04
5.869642672323559674e-04
6.343155808719234652e-04
6.885664954183304308e-04
7.029329785051346372e-04
7.097723962047626902e-04
7.177647389677238934e-04
7.328560825130117683e-04
7.479782455576570533e-04
7.628846971250470566e-04
7.663473018401038145e-04
7.684932422940924258e-04
7.712231579821657865e-04
7.732085001855144813e-04
7.695785523785389970e-04
7.653472977969246957e-04
7.578443305242193529e-04
7.540804905547511885e-04
7.546033946290906479e-04
7.578326126230521724e-04
7.638570437057651914e-04
7.686641304249355660e-04
7.672939493528266579e-04
7.648003669772589610e-04
7.627981192387697611e-04
7.562390728708123788e-04
7.515687737738483646e-04
7.377423583882640511e-04
7.244104451812402720e-04
7.169661367454850318e-04
7.170646913056000086e-04
7.217234169205842802e-04
7.272221775270183925e-04
7.427277862551061533e-04
7.522773220662964640e-04
7.708998518245946049e-04
7.772767164350582276e-04
7.778912500768565309e-04
7.807704160192308583e-04
7.785166932956918365e-04
7.791599807886714956e-04
7.797928191351165793e-04
7.802777116593227367e-04
7.882518134632160705e-04
7.979514243481427562e-04
8.231088274932760705e-04
8.154967438651453430e-04
8.009264195497581978e-04
7.771077657636366086e-04
7.673508301038259316e-04
7.606287692577964150e-04
7.540662354871652089e-04
7.344258926437493120e-04
7.105027534587538387e-04
6.866471897586704475e-04
6.749629809513367409e-04
6.619897251990618063e-04
6.320152082270973342e-04
6.134671472259541113e-04
6.030167981488379842e-04
6.038270337559013172e-04
6.083565676484347685e-04
6.189876925589925640e-04
6.190552251738482914e-04
6.192158156628318729e-04
6.112566862178537164e-04
5.990514164152893704e-04
5.900750299840625598e-04
5.906056570255195084e-04
