CLUSTEROFFSETS 21
12
32
54
73
105
138
173
210
231
261
292
331
356
374
406
441
480
503
532
560
577
CLUSTERINDICES 577
206
207
220
221
222
235
237
236
251
248
250
249
202
204
203
216
219
217
218
220
233
231
232
234
235
245
244
246
247
248
250
249
199
198
200
201
214
213
212
215
216
227
228
229
230
231
232
240
242
241
243
245
244
246
193
194
195
196
197
208
209
210
211
212
223
224
226
225
227
238
239
240
241
159
160
173
174
175
176
177
188
190
189
191
192
202
204
205
203
206
207
219
217
218
220
221
222
233
234
235
237
236
248
250
249
141
142
143
155
156
157
158
170
171
172
173
174
185
186
187
188
190
189
199
200
201
202
204
203
215
216
219
217
218
230
233
231
232
140
139
138
153
155
156
152
154
166
167
170
168
169
171
181
182
185
183
184
186
199
196
197
198
200
201
214
213
212
215
216
227
228
229
230
120
134
133
137
136
135
148
149
151
150
152
166
163
164
165
167
168
178
179
180
181
182
183
193
194
195
196
197
198
208
209
210
211
212
224
226
225
117
115
116
130
131
132
145
146
147
159
160
161
162
175
176
177
190
191
192
206
207
97
98
112
115
114
113
127
130
129
128
131
142
144
143
145
146
147
157
159
158
160
161
172
173
174
175
176
188
190
189
79
78
77
96
95
94
93
92
112
111
110
109
108
127
126
128
125
124
123
141
142
140
139
143
155
156
154
157
170
171
172
75
74
73
72
92
91
90
89
87
88
108
107
106
105
103
104
125
124
123
121
119
122
120
139
138
134
137
136
135
149
153
151
150
152
154
166
165
167
168
72
71
70
87
88
86
105
102
103
104
121
119
120
118
134
133
136
135
148
149
150
163
164
165
178
69
68
67
82
83
85
84
98
99
100
101
117
115
114
116
131
132
147
35
34
52
51
50
48
49
68
65
64
66
67
63
81
80
79
82
83
84
96
97
95
98
99
100
112
111
115
114
113
129
128
30
29
28
27
47
46
45
44
43
62
61
60
59
58
57
78
77
76
75
74
73
94
93
92
91
90
89
110
109
108
107
106
125
124
123
2
11
10
9
8
27
26
25
24
23
44
43
42
41
40
39
59
58
57
56
55
54
75
74
73
72
71
70
91
90
89
87
88
86
106
105
102
103
104
22
21
20
37
38
36
35
34
53
52
51
50
69
68
65
66
67
82
83
85
84
99
100
21
20
19
17
18
16
15
36
35
34
32
33
31
30
52
51
50
48
49
47
46
65
64
66
63
62
80
79
78
7
6
5
4
3
17
16
15
14
13
12
11
32
31
30
29
28
27
26
47
46
45
44
43
61
60
59
58
3
2
0
1
11
10
9
8
26
25
24
23
42
41
40
39
55
