0.000000000000000000e+00
8.955427465942625536e-05
1.908768818346720498e-04
2.927500188138893442e-04
3.972694015993320847e-04
4.903294045677392956e-04
6.380832813598615256e-04
7.709260441058336886e-04
9.565135272266475207e-04
1.134643085555128803e-03
1.337747460607808213e-03
1.569124094249534692e-03
1.848725121365373328e-03
2.146271751972578332e-03
2.477456376270264788e-03
2.824899851917394341e-03
3.168287357509610991e-03
3.492415861004146468e-03
3.778135007821019613e-03
4.039916660944802528e-03
4.247974848708842635e-03
4.447264851601715613e-03
4.610447375591197189e-03
4.743848542022153017e-03
4.879301931966546421e-03
4.976153526965549842e-03
5.033111606450293464e-03
5.131455409303728107e-03
5.189168616198003292e-03
5.264739685749113794e-03
5.330198049057922188e-03
5.401399446648708774e-03
5.465776835281157056e-03
5.573585052607189262e-03
5.632305068450934801e-03
5.686433505492829305e-03
5.734327962519443489e-03
5.752972006085157845e-03
5.767190931933815871e-03
5.782258452349053370e-03
5.757690914268579450e-03
5.744325995764571272e-03
5.726910241113121643e-03
5.713622648074748178e-03
5.739302911548539721e-03
5.769250012009626873e-03
5.783039037265491275e-03
5.799630069458991573e-03
5.877979708156229159e-03
5.980689691291367870e-03
6.085179244007127460e-03
6.211981928500703506e-03
6.328204499440376676e-03
6.470172782449116512e-03
6.602779726845924187e-03
6.770669169473892378e-03
6.900641893968643796e-03
7.018008362353874395e-03
7.151410737785900487e-03
7.295100340990633841e-03
7.446571331261394103e-03
7.581696675078796431e-03
7.666747222965619724e-03
7.750860213152117525e-03
7.815140687467893310e-03
7.892679761158628848e-03
7.943712543540945234e-03
7.982754364190755569e-03
8.003450357085514430e-03
8.045838749753758679e-03
8.088219851419187548e-03
8.165405876983857641e-03
8.216343838511044537e-03
8.273419961487837870e-03
8.268474945111205926e-03
8.298045844938027951e-03
8.292305685440341453e-03
8.275206133691688157e-03
8.257695516070882868e-03
8.229848619048631478e-03
8.196304794788980899e-03
