7.525237300145773411e-03
7.273668032369495599e-03
6.703636643511277915e-03
6.449673669757666379e-03
6.030977830106829495e-03
7.510414462030669779e-03
7.471272905851587473e-03
7.333121182006082685e-03
7.122579134172863334e-03
6.923109867874486893e-03
6.268662504023975700e-03
6.877834862672987937e-03
8.509326737696006060e-03
8.165807445981988072e-03
7.452802387652573794e-03
7.304790004351992966e-03
7.190365643229013233e-03
6.784857124274159580e-03
6.417512962663614838e-03
6.141922471147996665e-03
5.891012878697595746e-03
7.274171774402076601e-03
8.091534660370261131e-03
8.829271374845210074e-03
9.121026458609619858e-03
9.973626685857680738e-03
7.383445530761907280e-03
7.242882969202818662e-03
6.823445244887729050e-03
6.251646550717177182e-03
6.469653390439940484e-03
6.049264314365975469e-03
5.682660335743868439e-03
6.755194408290180266e-03
7.695800429325045169e-03
8.899607971586563290e-03
1.010722892335903442e-02
1.011496374705507517e-02
9.710380168671914336e-03
9.849434347685289207e-03
7.557111251869319708e-03
7.121022330758012414e-03
6.702018326815263778e-03
6.260114641469202192e-03
5.892019626902945430e-03
6.050291160742442102e-03
6.145608921845753699e-03
5.782841118397536069e-03
6.679458256213017045e-03
7.658046129860996039e-03
9.174466483800866601e-03
1.116390982757747841e-02
9.882323337534878668e-03
8.033655459358770429e-03
1.000185007298434216e-02
1.270219807248608619e-02
1.033709192487560630e-02
9.291318567170773687e-03
7.347561832931306242e-03
6.878371407956253292e-03
6.448018767031622918e-03
6.044636331038710265e-03
5.792771615547898621e-03
5.735182628771404861e-03
5.852658692517398627e-03
5.726090390925054133e-03
6.971163019813873471e-03
7.106356414747826665e-03
8.338314087279601397e-03
1.118144365803649086e-02
1.155580815939623654e-02
8.608429380448213639e-03
8.605254405856500866e-03
1.180162782677345729e-02
9.808496480094797132e-03
8.992290825663525403e-03
7.134768858919908821e-03
5.477547323630180091e-03
6.626761345951645045e-03
6.556990797872896612e-03
6.285539425817536323e-03
5.962809202847657412e-03
5.610108260571220785e-03
5.516882571909163119e-03
5.434513276005968271e-03
5.499271583961851985e-03
5.487460850013626754e-03
6.584685732736999392e-03
6.822186821128850727e-03
7.406233614425600589e-03
1.561185565093003297e-02
1.737394349155142736e-02
1.003198590658513183e-02
8.332561159701903225e-03
1.093513300688362354e-02
8.703253381414177356e-03
8.289307263898260114e-03
6.816312889166084230e-03
6.418717151254783870e-03
6.202566356938562543e-03
5.349399268995096504e-03
5.209162463376551359e-03
4.965306616123811752e-03
5.281829585631688147e-03
5.284719882004055083e-03
5.159092239207691520e-03
4.755276128833676487e-03
4.844000126108711363e-03
5.055101450394700914e-03
5.900350790240882666e-03
6.187963977824022591e-03
6.970904761764370322e-03
1.432585349548277584e-02
1.695016539874084210e-02
8.979097785525897921e-03
8.813027930618435798e-03
1.020382467174419695e-02
8.115528185886365653e-03
7.870819385128992318e-03
7.066324031279411048e-03
7.217334100493678212e-03
6.914700094012566148e-03
3.581156701217462837e-03
3.139189272015183076e-03
3.004737359322147503e-03
4.083449388911694795e-03
5.079599856226532130e-03
4.805331819771248639e-03
4.393139233191807776e-03
4.426280680445976792e-03
4.840284355996567547e-03
5.880877697541389733e-03
6.125032315375628263e-03
6.455462135627497433e-03
7.890984743426088244e-03
9.601430480949075044e-03
7.373050129742442400e-03
9.478960999802910417e-03
1.041800970855502433e-02
8.405063197844557521e-03
7.895113980788508179e-03
7.416537502941526055e-03
7.341027144848564535e-03
7.012477834467534601e-03
2.094646225924845159e-03
1.742888839892399065e-03
1.683357551142021470e-03
3.620368049100593493e-03
4.804388240531638592e-03
4.559834338264700561e-03
4.491432098510824561e-03
4.656182694030396550e-03
5.295879494996718825e-03
5.532394002341193585e-03
6.496234072579277694e-03
6.686101886041370332e-03
7.059252657065236657e-03
7.010271846040807067e-03
7.495783319708282204e-03
8.999324648121491757e-03
1.088497769317509252e-02
9.826523953197914898e-03
8.400821402944900693e-03
7.250595803338068246e-03
6.749615740076994955e-03
5.735270770979516118e-03
4.189264420189975531e-03
1.694591554962558613e-03
1.601169322743827917e-03
1.617588148808773562e-03
2.290587182398195684e-03
4.573849800192279248e-03
4.449255120607070388e-03
4.295584596233603149e-03
4.621213784924260021e-03
4.799684026726969838e-03
5.023001497726381839e-03
5.680508888614030361e-03
6.437825504690408707e-03
6.651389996095755965e-03
6.876668119573115141e-03
7.209585525417401553e-03
8.642134392299161139e-03
8.937240842683815897e-03
9.483156932724846541e-03
7.739856609223801434e-03
6.574011879202760339e-03
5.569692747092541696e-03
4.428064726569034756e-03
2.969531733312724426e-03
1.809690124642701842e-03
1.525535811612635561e-03
1.479634095305278063e-03
1.263316467772295512e-03
3.226054464409380644e-03
3.842485769663327947e-03
3.686626062349037097e-03
3.946284889990900845e-03
4.308989248525949001e-03
4.112721225361765445e-03
4.744322993505148411e-03
4.954641414691268383e-03
5.102226073727195860e-03
6.444107820164917885e-03
6.898224195695401399e-03
7.796066959947635204e-03
7.993955337614924370e-03
8.641567311169188678e-03
8.678860881906232116e-03
6.584959461089269668e-03
4.630869438434824167e-03
3.410725658874452695e-03
2.554588019847869873e-03
1.424907166280864291e-03
1.295784856250256590e-03
1.425047462553153798e-03
2.168128266930580139e-03
3.198893464825771586e-03
3.106993657571297928e-03
3.311753640940160066e-03
3.839595910207725064e-03
3.862050189464180574e-03
4.131283415596426548e-03
4.391143512394692777e-03
4.257051297176031590e-03
4.941330340196505369e-03
5.771321667082331477e-03
6.101582082919776440e-03
6.738417885369724601e-03
7.617524244397142798e-03
8.065344259878735184e-03
6.211758637225922586e-03
4.072485054716652036e-03
3.392520280163964942e-03
2.557811637719472394e-03
1.072534704925837308e-03
1.085931711174823724e-03
1.974106662803226143e-03
2.681000066208250911e-03
2.807721875056072309e-03
2.962438907060358211e-03
3.506629716283009290e-03
3.580836487221129329e-03
3.771515574628188372e-03
3.881331326233016313e-03
3.566578869926340968e-03
3.383464113820666089e-03
4.298913857416698098e-03
6.367422977353182079e-03
7.193339597663761346e-03
6.826642756982717782e-03
6.747562323271492392e-03
5.370447147683596670e-03
3.983065141019997805e-03
3.194479501725714862e-03
2.350108008141870916e-03
8.616292458257557340e-04
1.344724834241249048e-03
1.937605176166987695e-03
2.058041672923682525e-03
2.551751268774638936e-03
2.816198819121460990e-03
2.871425661407871113e-03
2.892884828242254808e-03
3.205450631126209333e-03
2.848220782147513688e-03
2.739816823583326056e-03
2.708598760094631762e-03
6.513217069660629660e-03
7.204499768300188720e-03
6.436509551641381860e-03
5.151200913076783329e-03
4.369643884768456728e-03
3.405240617324540794e-03
2.741638571023941040e-03
2.186148484915862843e-03
1.251931417227527231e-03
1.340778073134981513e-03
1.368404113124182262e-03
1.914801317508573950e-03
2.186832294144012197e-03
2.093359494558823079e-03
2.170613679436989799e-03
2.552855621885370165e-03
2.483728721185966565e-03
2.501556977491687685e-03
2.259306799344442621e-03
2.828317910488867357e-03
5.419004398087660761e-03
4.985582284675335943e-03
4.273289297189977048e-03
3.990811583252601089e-03
3.505191443786945076e-03
2.636643793479896084e-03
2.419335491679332987e-03
6.910024762705519906e-04
8.608642160708522128e-04
1.977873638410259337e-03
1.836779360647922740e-03
1.599799674924141154e-03
1.908590746928512253e-03
2.363842383119059160e-03
2.724122825182146400e-03
2.405804869385413155e-03
2.138288648523114458e-03
1.953260674332498326e-03
2.648506793595942557e-03
3.607481585838544398e-03
3.985424962952548861e-03
4.143714513859630792e-03
3.607659727151011318e-03
2.854540829121330649e-03
7.816606609403718708e-04
1.403027544671922632e-03
2.300986629209400818e-03
2.010573359942178801e-03
1.965544226774830743e-03
2.477293080983706489e-03
2.568949353133822590e-03
2.751280714608268872e-03
2.225473931312193111e-03
1.938493103133859426e-03
1.872222244406814657e-03
1.956246178137299643e-03
3.433548224469026074e-03
4.009213252567950247e-03
4.368763440001158238e-03
1.848336917096332155e-03
2.298450699998755634e-03
2.354300686375261024e-03
2.548183138801337049e-03
3.050434651042990223e-03
3.016529032417262449e-03
2.353047374291000575e-03
1.995614627778622210e-03
1.813146625976020656e-03
1.812658618336520418e-03
1.776008584312404812e-03
2.837809238383075163e-03
3.784031823513178423e-03
2.903639942545581908e-03
3.032375635855175718e-03
2.958208724948359087e-03
3.304098482692131161e-03
3.101444601966642841e-03
2.520287113356185511e-03
2.034169871842971683e-03
1.696971888987370506e-03
1.951281611885254509e-03
1.703331985706348561e-03
3.236510399958969757e-03
3.551397231166009485e-03
3.353755869385269001e-03
3.114357171005304858e-03
