7.525237300145773411e-03
7.273668032369495599e-03
6.703636643511277915e-03
6.449673669757666379e-03
6.030977830106829495e-03
7.510414462030669779e-03
7.471272905851587473e-03
7.126718782532362462e-03
6.767417637654292613e-03
6.591626109532368154e-03
6.324239581087489487e-03
6.848095479294841886e-03
8.509326737696006060e-03
8.165807445981988072e-03
7.452802387652573794e-03
7.304790004351992966e-03
6.844549566323374599e-03
6.371913615752149672e-03
5.980608547911232115e-03
5.468742668996622383e-03
5.260539574571597606e-03
6.612665721295792401e-03
7.622698402423181384e-03
8.829271374845210074e-03
9.121026458609619858e-03
9.973626685857680738e-03
7.383445530761907280e-03
7.009832625403816103e-03
6.585614111872367324e-03
5.644306494497958182e-03
5.747373273343216182e-03
5.104636060602870881e-03
4.678423665923837037e-03
5.808888095212571233e-03
6.801469194024432896e-03
7.361614927189585357e-03
8.564049658296560286e-03
8.880310829866814790e-03
9.710380168671914336e-03
9.849434347685289207e-03
7.557111251869319708e-03
6.839228587018119157e-03
6.420909990499048918e-03
5.690169601160802691e-03
5.025070183622984410e-03
4.478503064608868600e-03
4.488412704732682584e-03
4.566927957865927340e-03
5.662803492152396201e-03
5.577505462699466378e-03
5.735124415361586570e-03
7.569367599236652075e-03
7.343728937507595748e-03
5.543873059875217141e-03
6.531323139544254093e-03
1.270219807248608619e-02
1.033709192487560630e-02
9.291318567170773687e-03
7.347561832931306242e-03
6.696140600575340926e-03
5.946309087269100249e-03
5.140302012915964544e-03
4.298864415398350597e-03
3.987463329125333876e-03
4.087634269654014975e-03
4.228239465090963961e-03
5.627429515215350182e-03
4.781301524260162146e-03
4.079340859373778612e-03
5.023469117952993751e-03
5.195018320120181263e-03
4.630384031096818238e-03
6.211550022406434925e-03
8.647888973585250022e-03
6.991327579282683759e-03
6.304218606264503331e-03
7.134768858919908821e-03
5.477547323630180091e-03
6.626761345951645045e-03
6.203461944321055771e-03
5.774797480783344476e-03
5.320963024357219101e-03
4.671104091369075208e-03
3.928772461267165603e-03
3.949953841022503347e-03
3.601400894515308440e-03
3.896973682222542971e-03
5.233321200918268114e-03
4.562774730593334438e-03
4.538137641057003735e-03
7.630210423002732134e-04
3.801062361791408156e-04
3.228708824292285309e-03
5.807935528997562082e-03
8.637798559150578620e-03
5.920990588672367036e-03
5.615966003618122308e-03
4.886621425365224661e-03
5.064996327331036836e-03
6.202566356938562543e-03
5.349399268995096504e-03
4.842558622728159248e-03
4.353813091177998959e-03
4.755182490672593860e-03
4.176105867013519407e-03
3.685029936425479949e-03
3.435558926912001595e-03
3.274392221628883749e-03
4.059116344577000379e-03
4.987914506116031439e-03
4.671688180094883680e-03
4.397753476636644988e-03
4.637954727603542208e-04
3.512065186104909890e-04
2.436997013397940084e-03
6.357662350997144579e-03
8.343518263211956859e-03
4.670509608623422265e-03
5.389052282236976056e-03
5.688788311808933018e-03
5.684080798132920206e-03
6.914700094012566148e-03
3.581156701217462837e-03
2.890180474446143837e-03
2.456169023557945325e-03
3.309788320351530165e-03
4.042267592416869462e-03
3.359439679318004281e-03
3.100720475669260442e-03
3.080445905158549040e-03
4.097938031694035171e-03
5.323699985941250830e-03
4.443607511527744233e-03
4.657165621648784101e-03
3.505806389759168282e-03
1.535865683201987795e-03
4.800653645630787759e-03
7.225420449595944435e-03
8.010196367301691475e-03
5.923062321488503992e-03
5.494471259967044323e-03
5.301193035219186993e-03
5.904428430913407147e-03
7.012477834467534601e-03
2.094646225924845159e-03
1.497188583016395569e-03
9.802510892903363183e-04
2.967127495341830880e-03
3.503354979150089324e-03
3.133744369318455965e-03
3.196262651019626290e-03
2.933489434697009787e-03
3.135038217828597755e-03
4.818743152290951015e-03
5.720055225178783537e-03
4.434760843898042856e-03
3.256439474227343887e-03
4.141828761706243395e-03
5.479065630222774118e-03
7.202615470305318013e-03
8.198765419814506294e-03
7.484750626723707737e-03
6.141482806408110617e-03
5.079123628452236056e-03
5.123890890383425711e-03
5.735270770979516118e-03
4.189264420189975531e-03
1.694591554962558613e-03
1.318040384370603628e-03
1.048847228104685635e-03
1.604059113212573775e-03
3.614277222458227128e-03
3.584536643307885840e-03
3.311735474401050240e-03
2.939227094620834157e-03
2.550432895436698794e-03
2.478154721083464414e-03
3.016315147648622810e-03
3.802487327728742376e-03
3.209559711121758550e-03
3.947179981530356437e-03
4.827255061554527014e-03
6.290283547306539311e-03
6.573389910943346591e-03
6.968613667988482474e-03
5.689021498884683399e-03
4.885476002078733594e-03
4.581985443278595478e-03
4.073511050255210729e-03
2.969531733312724426e-03
1.809690124642701842e-03
1.117280971856764778e-03
1.098573115872748069e-03
9.081113025730038358e-04
2.420713573142334058e-03
3.326025756972807602e-03
2.963619582630969747e-03
2.591859687257696242e-03
2.086084841946024820e-03
1.927818700579213545e-03
2.189877247552812680e-03
1.548500127952407964e-03
2.086240778113772690e-03
3.729554163407028302e-03
5.258365029779572992e-03
5.722291341729111164e-03
5.749146172339901148e-03
6.303749380656230479e-03
6.555245487870257556e-03
5.371012552468864588e-03
3.729930768410364642e-03
3.000410250675530910e-03
2.554588019847869873e-03
1.424907166280864291e-03
8.269628900804637485e-04
1.098885580345436387e-03
1.752096446759906709e-03
2.702984429987860277e-03
2.426342831717597306e-03
2.137286312602184549e-03
1.900356170939810447e-03
1.278290410100677878e-03
1.771163701275248669e-03
1.684221140120500341e-03
1.591704055712914742e-03
2.221804230048516661e-03
3.890975475107193247e-03
4.230544497086493640e-03
4.736732363838840575e-03
5.641927264262864769e-03
6.097202154773252725e-03
4.582624859464021205e-03
3.275324188080834791e-03
3.066998733966438875e-03
2.557811637719472394e-03
1.072534704925837308e-03
7.524759290210994780e-04
1.550249123003011927e-03
1.971310602478039235e-03
1.799625999949596442e-03
1.307258336448375181e-03
1.298638014697734312e-03
1.445049419999122620e-03
1.120590236911803194e-03
1.271269123219413624e-03
1.081341204957829557e-03
1.074366515824272394e-03
2.123105621896324933e-03
4.388262600390769631e-03
5.461169015846134393e-03
5.157247668615094066e-03
5.339804231936549038e-03
4.219231644162425160e-03
3.235949295354477971e-03
2.896118702159987748e-03
2.350108008141870916e-03
8.616292458257557340e-04
8.668149648993103392e-04
1.271000603374875665e-03
1.033170470668945797e-03
6.891064989713974968e-04
7.379141831655560693e-04
7.165956805333679319e-04
8.705601809017452300e-04
1.093008934899612717e-03
8.752804858908977024e-04
6.573501468440632895e-04
9.048308524659570045e-04
4.775744971634538621e-03
5.657485539645508259e-03
5.134703252280567974e-03
4.333590870194229186e-03
3.925832494357486130e-03
3.414606388060399070e-03
2.556345517528645604e-03
2.186148484915862843e-03
1.251931417227527231e-03
1.340778073134981513e-03
4.942803241220521593e-04
9.875614311040184501e-04
9.165406457068007214e-04
8.651650982138551138e-04
7.215897196236951798e-04
7.329347232977548874e-04
5.396193031359602064e-04
6.310301028008078860e-04
5.828665402706390171e-04
1.220784403150541961e-03
4.128919937360434056e-03
3.948010119069137423e-03
3.722399680150879561e-03
3.542173550360732705e-03
3.347116982403360724e-03
2.458443221302680001e-03
2.419335491679332987e-03
6.910024762705519906e-04
4.387741597990195137e-04
1.660676155653264836e-03
1.355889052106642447e-03
6.914806529235692284e-04
5.409403324679091683e-04
7.004950218546538094e-04
9.729818119035090916e-04
7.201136825721205512e-04
7.561400423493282348e-04
8.072517781710987798e-04
1.902983383057110138e-03
2.950114376245089546e-03
3.556032762805252760e-03
3.908311126086814850e-03
3.607659727151011318e-03
2.854540829121330649e-03
7.816606609403718708e-04
1.228720651088673413e-03
1.967583849083310351e-03
1.664795467262098752e-03
1.068364248185614020e-03
9.981464870550014676e-04
1.070604032986326084e-03
1.159295451217963457e-03
8.763920682493919583e-04
9.266034366539967248e-04
9.919270274105745477e-04
1.289327922104685411e-03
3.028840137024720654e-03
3.822245385014900326e-03
4.368763440001158238e-03
1.848336917096332155e-03
2.128187841146517590e-03
2.086897255791017591e-03
2.002849741220865190e-03
2.103227917909806371e-03
1.782301657065680101e-03
1.190361843866951383e-03
1.242213905860819340e-03
1.105191183555296339e-03
1.260407364037589200e-03
1.434011445926893294e-03
2.837809238383075163e-03
3.784031823513178423e-03
2.903639942545581908e-03
2.776835996220693246e-03
2.628725073817703411e-03
2.915609475616135881e-03
2.441496387078070148e-03
2.520287113356185511e-03
2.034169871842971683e-03
1.696971888987370506e-03
1.951281611885254509e-03
1.703331985706348561e-03
3.236510399958969757e-03
3.551397231166009485e-03
3.353755869385269001e-03
3.114357171005304858e-03
