0.000000000000000000e+00
1.134764389580544439e-04
1.483501106677221661e-04
1.721699380881145237e-04
2.304632414417146630e-04
2.902985367865438485e-04
3.425960896112811480e-04
3.756769440918871590e-04
4.452958678459027916e-04
5.296947673623487269e-04
5.832679018392726913e-04
6.944280191784064481e-04
8.027954302885369252e-04
9.351061859276964174e-04
1.102834599404852378e-03
1.325776028069654321e-03
1.537355050839395642e-03
1.773187791354629249e-03
2.003557458390859119e-03
2.207835444677055600e-03
2.372977385696320874e-03
2.511501411899482155e-03
2.653199015678522031e-03
2.771319769558662407e-03
2.871957261938770222e-03
2.956788640552842230e-03
3.019479303413575774e-03
3.117015500663777253e-03
3.199495211077392227e-03
3.336588437943163645e-03
3.477123286977928766e-03
3.595391467010068502e-03
3.693780518776709331e-03
3.841256787880431827e-03
3.965264852938115564e-03
4.076231120124335430e-03
4.180030277693423321e-03
4.275578385173595640e-03
4.353834418162287785e-03
4.446273240113452277e-03
4.501932534362231703e-03
4.551437863164862693e-03
4.603107124470841131e-03
4.656757064202983291e-03
4.721974371541929477e-03
4.800202992298649440e-03
4.838648013932377902e-03
4.894476054389375851e-03
4.957635145415558234e-03
5.040225151515701635e-03
5.108923853381101485e-03
5.169118414342760079e-03
5.191409754935825786e-03
5.274160739625040860e-03
5.345942552882101441e-03
5.408000716901585452e-03
5.476397289436588448e-03
5.562381664327856537e-03
5.648760989482322532e-03
5.724639124463912383e-03
5.766403029294944749e-03
5.833277951381406375e-03
5.871855986091152786e-03
5.922335983513154524e-03
5.968983362574856177e-03
6.028801870353435455e-03
6.093189801848467556e-03
6.132110743191472417e-03
6.157120761769365770e-03
6.189623324885848259e-03
6.252598493721068205e-03
6.311151948671966591e-03
6.378699421927353994e-03
6.423293393385454478e-03
6.427423565567597780e-03
6.444144865766294333e-03
6.448765158949888374e-03
6.444504981601379377e-03
6.435851438732628597e-03
6.423477682046260968e-03
6.764276265916493308e-03
