-3.131359999999999699e-02 8.852999999999999975e-04 1.974056999999999895e-01
-3.242310000000000331e-02 7.473999999999999524e-04 1.971189999999999887e-01
-3.327929999999999777e-02 3.554000000000000193e-04 1.961941000000000102e-01
-3.393999999999999795e-02 -3.101000000000000024e-04 1.958304999999999907e-01
-3.412250000000000005e-02 -1.154800000000000097e-03 1.946451999999999904e-01
-3.487049999999999872e-02 -1.177400000000000104e-03 1.943806999999999896e-01
-3.561910000000000076e-02 -1.914799999999999922e-03 1.929579999999999906e-01
-3.609989999999999727e-02 -2.481300000000000085e-03 1.920448999999999906e-01
-3.687870000000000037e-02 -3.351400000000000039e-03 1.918438000000000088e-01
-3.753120000000000067e-02 -3.574799999999999939e-03 1.914427999999999963e-01
-3.814820000000000016e-02 -4.219500000000000160e-03 1.902477999999999947e-01
-3.844380000000000019e-02 -4.607299999999999937e-03 1.902029000000000081e-01
-3.967930000000000068e-02 -5.319100000000000217e-03 1.898896999999999946e-01
-4.011189999999999894e-02 -5.779499999999999915e-03 1.895950000000000135e-01
-4.097950000000000204e-02 -6.179500000000000097e-03 1.891210999999999864e-01
-4.102190000000000003e-02 -6.576600000000000154e-03 1.880447000000000091e-01
-4.156850000000000128e-02 -6.969300000000000321e-03 1.876939999999999997e-01
-4.219889999999999752e-02 -7.835800000000000404e-03 1.870210999999999957e-01
-4.265270000000000172e-02 -8.144300000000000150e-03 1.869037000000000059e-01
-4.296339999999999881e-02 -8.654800000000000687e-03 1.858402000000000109e-01
-4.331490000000000340e-02 -8.820200000000000262e-03 1.859447999999999934e-01
-4.357779999999999987e-02 -9.059199999999999892e-03 1.856007000000000073e-01
-4.354129999999999806e-02 -9.182199999999999737e-03 1.850078000000000000e-01
-4.378270000000000078e-02 -9.369999999999999857e-03 1.852836999999999956e-01
-4.444639999999999702e-02 -9.735900000000000457e-03 1.853073000000000081e-01
-4.424259999999999998e-02 -9.905499999999999375e-03 1.845053000000000110e-01
-4.432320000000000010e-02 -1.002119999999999921e-02 1.842427000000000092e-01
-4.451780000000000320e-02 -1.008270000000000000e-02 1.843125999999999931e-01
-4.432579999999999854e-02 -1.016680000000000014e-02 1.837368000000000057e-01
-4.487719999999999904e-02 -1.062190000000000009e-02 1.837807999999999942e-01
-4.474890000000000118e-02 -1.064249999999999918e-02 1.836715999999999904e-01
-4.507339999999999958e-02 -1.080560000000000027e-02 1.838229000000000113e-01
-4.512170000000000070e-02 -1.074890000000000047e-02 1.836250000000000104e-01
-4.530370000000000230e-02 -1.107660000000000068e-02 1.835318999999999978e-01
-4.521920000000000106e-02 -1.105830000000000007e-02 1.830275000000000096e-01
-4.545230000000000103e-02 -1.122060000000000071e-02 1.834459999999999980e-01
-4.588119999999999699e-02 -1.132969999999999984e-02 1.834861000000000131e-01
-4.596179999999999710e-02 -1.162909999999999985e-02 1.836096999999999868e-01
-4.596879999999999716e-02 -1.154529999999999966e-02 1.834628000000000092e-01
-4.597930000000000073e-02 -1.167100000000000082e-02 1.835972999999999911e-01
-4.580759999999999693e-02 -1.158649999999999958e-02 1.841608000000000134e-01
-4.588269999999999849e-02 -1.151199999999999966e-02 1.843936999999999937e-01
-4.565879999999999939e-02 -1.145089999999999997e-02 1.843819999999999903e-01
-4.543289999999999829e-02 -1.144659999999999948e-02 1.848628999999999967e-01
-4.492190000000000072e-02 -1.124700000000000005e-02 1.850092999999999877e-01
-4.437329999999999747e-02 -1.108909999999999930e-02 1.854007000000000016e-01
-4.395040000000000058e-02 -1.077700000000000012e-02 1.860266999999999893e-01
-4.313059999999999811e-02 -1.030469999999999997e-02 1.863992999999999900e-01
-4.276230000000000309e-02 -1.015349999999999933e-02 1.868174999999999975e-01
-4.238070000000000032e-02 -9.859200000000000255e-03 1.872531000000000057e-01
-4.155129999999999935e-02 -9.305499999999999536e-03 1.876560999999999924e-01
-4.118220000000000214e-02 -9.162699999999999317e-03 1.879521000000000108e-01
-4.084940000000000099e-02 -8.835300000000000792e-03 1.882315999999999989e-01
-4.021630000000000343e-02 -8.151000000000000259e-03 1.891221999999999903e-01
-4.027039999999999786e-02 -8.018799999999999539e-03 1.900755000000000083e-01
-3.896720000000000045e-02 -7.476700000000000186e-03 1.889120999999999995e-01
-3.874079999999999885e-02 -7.254599999999999937e-03 1.900027999999999995e-01
-3.876380000000000103e-02 -6.903600000000000188e-03 1.912134000000000056e-01
-3.757730000000000098e-02 -6.214500000000000406e-03 1.905575999999999937e-01
-3.713749999999999690e-02 -6.243499999999999918e-03 1.908165000000000000e-01
-3.720230000000000065e-02 -5.712599999999999970e-03 1.913795000000000079e-01
-3.664739999999999664e-02 -5.438899999999999985e-03 1.917991000000000001e-01
-3.659060000000000090e-02 -5.231099999999999813e-03 1.920227999999999935e-01
-3.622759999999999869e-02 -4.849199999999999691e-03 1.928689000000000098e-01
-3.628800000000000081e-02 -4.739300000000000110e-03 1.935911999999999911e-01
-3.547639999999999821e-02 -3.919299999999999694e-03 1.935417000000000110e-01
-3.549109999999999765e-02 -4.086099999999999628e-03 1.940204000000000095e-01
-3.485749999999999960e-02 -3.355900000000000202e-03 1.942202000000000095e-01
-3.493860000000000021e-02 -3.336400000000000216e-03 1.949068999999999940e-01
-3.436120000000000146e-02 -2.862899999999999820e-03 1.952829000000000093e-01
-3.359430000000000055e-02 -2.615999999999999836e-03 1.952737999999999974e-01
-3.344450000000000200e-02 -1.957899999999999831e-03 1.954610999999999987e-01
-3.299420000000000130e-02 -2.185299999999999829e-03 1.957762999999999864e-01
-3.284009999999999707e-02 -1.446299999999999973e-03 1.963561000000000056e-01
-3.220499999999999752e-02 -1.365600000000000017e-03 1.966867999999999950e-01
-3.206839999999999691e-02 -6.243000000000000502e-04 1.970607000000000053e-01
-3.224180000000000101e-02 -6.888999999999999941e-04 1.974103000000000108e-01
-3.225569999999999826e-02 -6.248000000000000081e-04 1.976752999999999982e-01
-3.211520000000000347e-02 -5.948999999999999861e-04 1.975217999999999974e-01
-3.241569999999999868e-02 -5.098999999999999800e-04 1.981228999999999907e-01
-3.233939999999999731e-02 -7.623999999999999918e-04 1.980551999999999868e-01
