2.836936079708313523e-06
1.153041439172885390e-03
1.627221733594952889e-03
1.844512635153509623e-03
1.691353794489385129e-03
1.860787936106783266e-03
2.291655513921608042e-03
2.636725432908526654e-03
2.706451096845290376e-03
2.731465022668413782e-03
3.013558212424168048e-03
3.250057609697794628e-03
3.297013013179403429e-03
3.246546735911464039e-03
3.264864791716895736e-03
3.716916400683647516e-03
4.057698254122254697e-03
4.778512536856511887e-03
4.871127275775465233e-03
4.511339933784235326e-03
5.095465152345272225e-03
4.457861488928714817e-03
4.940610911359110367e-03
4.737110530196782417e-03
5.028051796958690409e-03
4.749724430983134037e-03
4.967112038109749821e-03
5.556516354479900353e-03
5.158869358324566154e-03
6.029441678037983365e-03
5.327059767672647980e-03
6.139702532577914415e-03
6.010043755609905877e-03
6.368857552999919631e-03
6.528126390737176536e-03
6.689866184889728569e-03
7.555575897368861649e-03
7.490559094204117530e-03
7.513883712483388107e-03
7.432853701007926736e-03
7.361757757520870707e-03
8.042688585672964213e-03
7.876140606588278095e-03
8.093033387734161963e-03
7.825668249337803042e-03
8.002790510346684261e-03
7.857171740334737559e-03
8.376489462492848689e-03
8.881806874990292797e-03
8.578523748283991418e-03
8.421790039590988652e-03
8.558296481075150161e-03
8.918903664192024891e-03
8.480113620726637685e-03
8.613765573740573070e-03
9.463699063019902560e-03
9.757043501421081705e-03
8.965081670428573513e-03
9.670322218671676545e-03
9.802787245221799770e-03
9.990337577410277753e-03
1.000471785196220889e-02
1.015143181400068526e-02
1.023054046280536152e-02
1.123277040585827363e-02
1.068686325509160019e-02
1.039166636381970085e-02
1.076833216520962921e-02
9.711986675844446956e-03
1.013499234933737218e-02
9.993943602176872526e-03
1.016326185963825797e-02
9.380162364009422479e-03
9.816454016956788903e-03
9.058356375793790230e-03
9.394292805468310373e-03
9.090856926931515508e-03
9.770155093169653401e-03
9.163236677805202540e-03
9.094398492651499522e-03
9.619708834169165418e-03
9.281732351301724693e-03
9.723832337694221506e-03
9.492057407473551353e-03
9.604112488594329644e-03
1.000702397157866332e-02
1.030074391470908908e-02
1.024767429959771645e-02
1.001457320527496773e-02
1.023010163982857046e-02
1.053717809391573230e-02
1.069225117045015730e-02
1.073525231579136596e-02
1.109531879975010800e-02
1.126881437766701598e-02
1.107202025532492279e-02
1.093846336006281880e-02
1.150880442783718156e-02
1.160194943173107306e-02
1.123310014887026441e-02
1.093386892651993132e-02
1.123625024135027801e-02
1.107415681836682389e-02
1.130061719955303794e-02
1.130900843786182726e-02
1.169977453646006520e-02
1.165842424342863719e-02
1.164146336033035703e-02
1.195549819502717166e-02
1.203140052454947442e-02
1.221401393500520620e-02
1.243022014069151450e-02
1.232625771147980408e-02
1.258850182659506517e-02
1.267619778190728734e-02
1.306971904755457534e-02
1.280914702109494686e-02
1.303189157005854408e-02
