1.135075857894400457e-02
1.149359989469334216e-02
1.175571318273827166e-02
1.136792812622704728e-02
1.138600063020900159e-02
1.158814151155746625e-02
1.198374659959542538e-02
1.198031279747768969e-02
1.126326731074664585e-02
1.078809643069566365e-02
1.145087231455717974e-02
1.131677236092292621e-02
1.164613101410411251e-02
1.234387289890545927e-02
1.276073429212605526e-02
1.295521950854335719e-02
1.221866886944399620e-02
1.216861102098630576e-02
1.189043939555600553e-02
1.142328459832627971e-02
1.098631786466655082e-02
1.051770262735880063e-02
1.096065054347707124e-02
1.170396280743308051e-02
1.218921091344396870e-02
1.361931437800117418e-02
1.431553331361610018e-02
1.242840793812489616e-02
1.042721941534398289e-02
8.953297157057608924e-03
8.035971765096646888e-03
1.186014702385764993e-02
1.149684710080845808e-02
1.128866544024924139e-02
1.084720254954645198e-02
1.026276536917282434e-02
1.133558245659884757e-02
1.200845442175612655e-02
1.277905255082552663e-02
1.572822801121589661e-02
1.546633758945232737e-02
1.364485430531203747e-02
1.060744006802343681e-02
8.185197799999297669e-03
7.696345146110092177e-03
8.556631948183275257e-03
8.021631945019303683e-03
1.182575901117870372e-02
1.117690927270105321e-02
1.102252336124242421e-02
1.084087781166121096e-02
1.064317491915771526e-02
1.030964465906559352e-02
1.153404438489321997e-02
1.354687278143177666e-02
1.462743092738723327e-02
1.786009270019071546e-02
1.747970166616141796e-02
1.432047548735419611e-02
9.978147547186936098e-03
8.017226689597749256e-03
7.109339218251249648e-03
7.262059625522312295e-03
7.406500105004189261e-03
7.047387684490215819e-03
1.068553546348870870e-02
1.049437714835344676e-02
1.028133592552552857e-02
1.060249444918107131e-02
1.026507312337220784e-02
9.904605683760118323e-03
1.065404528467837030e-02
1.528294880132553997e-02
1.698917448836363003e-02
1.876305633271902265e-02
1.718731106543061257e-02
1.361613980320803240e-02
9.116399527124870519e-03
7.419105120727366096e-03
6.364171816947696188e-03
7.721615955233573914e-03
7.238729770090115111e-03
5.895151764596417814e-03
6.115783889920024460e-03
4.925804291615041783e-03
7.645856147095308510e-03
8.502544045953427596e-03
7.969536455505984648e-03
8.017694546004473094e-03
8.294168054678682789e-03
9.348292187866518582e-03
9.357214857966212815e-03
1.151231084397788713e-02
1.718646807248814731e-02
1.861682321907857582e-02
1.899076422865865477e-02
1.558081980526320950e-02
1.164339934436257190e-02
1.133519913942032144e-02
1.229832573770150810e-02
6.520398131816380026e-03
7.384356628251024894e-03
5.856862571879716331e-03
4.473181583492432875e-03
5.191377348313897314e-03
4.499101979752718333e-03
4.018557510512359675e-03
6.335399666074979265e-03
6.008305634229870254e-03
6.632219810607069277e-03
7.056683680768740217e-03
6.234561487779778817e-03
6.543170360816737662e-03
6.895905802563085350e-03
1.248836086399979575e-02
1.890446182529804953e-02
1.988939477635894709e-02
2.128977752764220008e-02
1.524346737167403369e-02
1.129580145776745356e-02
1.025096520039616051e-02
1.063423708250935476e-02
7.396847897325642407e-03
7.185728482554777120e-03
5.656579039769910576e-03
4.234743572897829884e-03
4.855292541432684045e-03
3.976305110095921386e-03
3.964616869718341416e-03
5.665266475940154874e-03
5.473865085612919165e-03
6.807589382564617313e-03
6.821529639853259573e-03
5.787371705144138748e-03
5.561530148073778358e-03
7.150312664650253919e-03
8.849758544336941077e-03
1.953946739056352730e-02
1.971253744815871026e-02
1.882545216703566601e-02
1.863470803887062530e-02
1.350578196495731860e-02
9.088738362444960181e-03
7.578444740906657359e-03
7.319468533042107830e-03
6.106115210706652280e-03
5.265830570074208315e-03
5.250361519155360458e-03
5.337806039695012529e-03
3.938380249981152971e-03
4.129296800090095053e-03
5.477046215180623491e-03
5.300672156578403217e-03
6.561738407334028605e-03
6.447611660775491409e-03
5.487376555674157268e-03
5.831931007363028857e-03
6.711464659389802627e-03
7.405050572449878125e-03
1.523357145961816081e-02
1.898081406903595267e-02
1.574743747458619628e-02
1.449902308019572657e-02
1.380056851016657482e-02
1.198822982818671667e-02
7.098621225464986362e-03
6.867487376686028100e-03
6.561744439226212255e-03
6.355029996484518051e-03
6.199667751157687985e-03
5.186721201102107229e-03
4.580025324376963379e-03
4.088741001057423149e-03
3.867230488587234186e-03
5.508944581625825621e-03
5.052798490781905405e-03
4.880243091512534784e-03
5.560250889699337729e-03
5.236090950162733751e-03
5.607498194075236607e-03
6.677303336939569012e-03
7.648492926510714295e-03
1.103504384094375693e-02
1.679913896151771086e-02
1.349530735258328701e-02
1.233687517588358262e-02
1.099195538317563649e-02
8.514140045809977242e-03
7.217375076448907800e-03
6.730815383627363618e-03
7.041365780346727291e-03
6.056665805941920978e-03
6.248511500277761921e-03
6.056290767076662369e-03
5.273985834318702798e-03
4.203783000929881171e-03
4.314014135654699843e-03
5.479152251224396475e-03
4.522319598975828477e-03
3.774434075517169463e-03
3.999724557970540072e-03
4.711029672269093950e-03
4.736525322294841099e-03
6.250788978600906216e-03
8.103320438225390665e-03
8.913529389616797055e-03
9.862346258961547651e-03
1.063012620986644556e-02
1.073843868986024651e-02
9.398360823486315296e-03
7.645148866300834067e-03
6.951947256496523661e-03
6.930358301191117364e-03
6.835754088647031865e-03
6.803895256055866522e-03
7.153335761405148381e-03
7.122554058619475284e-03
6.338037155821161887e-03
4.467607317965919395e-03
4.876468693679671985e-03
3.722789697349071503e-03
3.089205046200145955e-03
3.105125263712163897e-03
3.586703548365730541e-03
3.772165073807966749e-03
4.088576062250945733e-03
7.757802683291799284e-03
8.689954940040232889e-03
8.364489002121706582e-03
8.574367469271360759e-03
8.759276680964029824e-03
7.460496753406853018e-03
6.888810220624367285e-03
7.598741125794901408e-03
7.986051227031196881e-03
7.843956386796751765e-03
7.404950991967472126e-03
7.452991917350534901e-03
7.789886714417045693e-03
6.743901961688268144e-03
4.780195353521129141e-03
5.101536226979756436e-03
2.990582886830729821e-03
2.857585800653796894e-03
2.966020224710642222e-03
2.879175949462894468e-03
2.388358842265808028e-03
3.025261148557824471e-03
7.821232554013445373e-03
7.741927019304642964e-03
7.337573260637157702e-03
5.881424436850820822e-03
5.591221745678429111e-03
6.077392141224216386e-03
8.263912246023873143e-03
8.853857405792026417e-03
8.686351743763533542e-03
7.956401255550020479e-03
7.850119267921831442e-03
7.497731304206585803e-03
6.850400181897616306e-03
5.512263594289957408e-03
5.843980443048275505e-03
2.752650639642093347e-03
2.743396568664554624e-03
2.456865991639383805e-03
2.393163574891070313e-03
3.459507962530952198e-03
3.721983203569711324e-03
5.841038481853270611e-03
6.006129685852487458e-03
5.383543113751684470e-03
5.438231101449010618e-03
6.111781020112083164e-03
8.637321791295908893e-03
8.371150857536861778e-03
7.784501596164526693e-03
7.196332781843967769e-03
7.694281542957839143e-03
7.877718215271577173e-03
7.386673360242177085e-03
6.693835457060801943e-03
6.850081693254790431e-03
2.417203007360636119e-03
2.444198674727547128e-03
2.966858707052671355e-03
3.892633708793733285e-03
4.339544580049686101e-03
4.667253233492374420e-03
5.089245057838447626e-03
5.158315578444024573e-03
5.326515043912045423e-03
6.363437799105452382e-03
8.528037127936101414e-03
8.062261188924666963e-03
7.448762213274584022e-03
6.606879269199098306e-03
6.268440082795538777e-03
6.624475042572465847e-03
7.288753970573514165e-03
6.981562065371012607e-03
3.928454867090588193e-03
4.696659416244444024e-03
4.991683799189404989e-03
4.794743991362215157e-03
4.496562953691108679e-03
5.176320782531116174e-03
5.116598881875811938e-03
5.160119238514769037e-03
6.342254861226400385e-03
8.696269382075485360e-03
7.937915480628578851e-03
7.814718520868632959e-03
7.174204277285075107e-03
6.903745005128241775e-03
6.481544864442893676e-03
6.774381600257198439e-03
7.038798451549925679e-03
5.845304707290163021e-03
5.837442521084794216e-03
5.657306624679052376e-03
4.594213069294248060e-03
5.400214119324997335e-03
5.229217526147742108e-03
5.089191212792391200e-03
7.867899562540007011e-03
8.271504221137532600e-03
8.615155918405279986e-03
8.380036388713298090e-03
8.013975767071470149e-03
7.576253991258346046e-03
6.462907368293568759e-03
6.460087901667959688e-03
6.382972817923241934e-03
5.351347037812031505e-03
5.134659672799220601e-03
5.195077255632633319e-03
5.027458818049280499e-03
4.950110046331123587e-03
6.173527862933874365e-03
8.358042350109671711e-03
9.465220694822827630e-03
7.410380825542418545e-03
7.018483650349712291e-03
5.790315710513268752e-03
5.421171300271052616e-03
5.094258801348634097e-03
5.140038625479249543e-03
