1.135075857894400457e-02
1.149359989469334216e-02
1.175571318273827166e-02
1.136792812622704728e-02
1.138600063020900159e-02
1.158814151155746625e-02
1.198374659959542538e-02
1.198031279747768969e-02
1.126326731074664585e-02
1.046686291189517087e-02
1.105512421325606856e-02
1.105846218385938932e-02
1.159530987773658810e-02
1.218836065539616667e-02
1.307503619404920027e-02
1.295521950854335719e-02
1.221866886944399620e-02
1.216861102098630576e-02
1.136699093158467268e-02
1.116347717026532765e-02
1.044258255890365313e-02
9.943563917304500469e-03
1.054070796028284789e-02
1.168279319812180576e-02
1.199250859287330669e-02
1.294181288330484292e-02
1.373724503663636791e-02
1.201755514810398488e-02
1.042721941534398289e-02
8.953297157057608924e-03
8.035971765096646888e-03
1.186014702385764993e-02
1.119231746800370200e-02
1.078619964231373844e-02
1.007090265846858658e-02
9.330804854378862631e-03
1.078288620179992593e-02
1.160114595540246742e-02
1.202409859683553975e-02
1.482387955726708478e-02
1.416791370533154217e-02
1.173198368139880682e-02
1.022769262919486638e-02
7.372648462848500721e-03
7.743509495690054957e-03
8.556631948183275257e-03
8.021631945019303683e-03
1.182575901117870372e-02
1.107728080350463620e-02
1.075668399364261389e-02
1.021495024215872058e-02
9.747850408746023751e-03
8.961810540976160311e-03
9.947203881091486177e-03
1.209749043840220410e-02
1.354806197380994254e-02
1.648341427888658228e-02
1.617217028781898006e-02
1.288010121591515525e-02
6.873227592747090109e-03
5.886523426590305891e-03
6.139658682020696957e-03
7.068934988514598977e-03
8.012669145176976385e-03
7.047387684490215819e-03
1.068553546348870870e-02
1.056094745458182639e-02
1.016716063969721161e-02
9.771879604559833427e-03
8.928571969775830550e-03
8.176788608780351589e-03
8.190183852941302842e-03
1.323835513854430823e-02
1.472268259878885960e-02
1.707636841604391262e-02
1.518858440409777584e-02
9.307043053707013749e-03
5.700774618594165073e-03
5.645989427802752987e-03
6.738012384276016210e-03
8.521271178940846916e-03
6.843941791330353762e-03
4.928464235706349859e-03
6.115783889920024460e-03
4.925804291615041783e-03
7.645856147095308510e-03
8.438858187804787817e-03
7.660962262396085222e-03
7.857140658770576588e-03
7.188514806330204010e-03
7.500612192739874659e-03
7.029738498188681933e-03
8.931833445647005543e-03
1.386117145134988481e-02
1.544779969253024833e-02
1.542391160392533878e-02
1.172193131504296187e-02
7.311474789383868265e-03
8.640281587712845060e-03
1.042828827472877182e-02
8.069887876676364730e-03
8.210471701034801825e-03
6.851841312817344952e-03
3.403174856646081024e-03
3.856323967230017042e-03
3.756886805897041888e-03
4.018557510512359675e-03
6.335399666074979265e-03
5.809132767430806241e-03
6.419497621008905461e-03
6.793068627179679048e-03
5.575391164017936239e-03
4.296867397882171008e-03
4.155108215824022087e-03
8.946602706308081146e-03
1.451332279544134338e-02
1.459438539252190352e-02
1.684083045120903649e-02
1.200476481176723439e-02
9.484023901030137066e-03
1.195298416453208397e-02
1.379335282757183749e-02
1.228738949516732827e-02
7.880645531813725360e-03
6.047892111937625860e-03
2.986593692863391721e-03
3.994626000965550809e-03
2.565833345308142326e-03
3.964616869718341416e-03
5.665266475940154874e-03
5.191173499165955413e-03
6.720747293557150816e-03
6.352146203487606460e-03
4.911847333660570095e-03
3.812414893912056870e-03
4.279550812128237076e-03
4.806083832251823937e-03
1.384626388139391373e-02
1.421168813150439254e-02
1.337828696902714984e-02
1.434020663244586595e-02
1.027459601335961419e-02
6.844972598196749462e-03
7.240674892535148982e-03
7.638825443020816341e-03
6.508533014142412441e-03
5.355671651945528161e-03
4.420775533417018940e-03
4.634891171008348465e-03
2.593316895476842441e-03
4.129296800090095053e-03
5.477046215180623491e-03
5.136934487875235121e-03
6.371753495502270256e-03
5.608332075052342540e-03
4.300934041581921247e-03
3.990886938142574822e-03
3.972764000675435558e-03
3.843726905978332286e-03
1.097434226391931673e-02
1.359801710646410186e-02
1.010612635754869724e-02
1.006995860617449987e-02
9.710990030109346513e-03
8.569146426082824980e-03
5.374850037851039604e-03
6.184777172165922821e-03
6.218980764970183372e-03
5.430988793782258114e-03
4.912162018087455444e-03
4.235060025259094856e-03
3.236095499941858342e-03
3.337841828243207336e-03
3.867230488587234186e-03
5.508944581625825621e-03
4.688140273220457906e-03
4.482244157184988795e-03
5.121997967993808902e-03
4.084804253179138284e-03
4.074683081421811952e-03
4.272760144608505305e-03
4.404627544394993863e-03
7.026593437639333008e-03
1.161070284039034638e-02
7.948502799559194545e-03
7.198091119851411993e-03
5.785098793964252653e-03
4.991690025682624446e-03
6.015260777854502736e-03
6.441040281492474602e-03
6.639284231715788555e-03
5.201197671309366020e-03
4.776861921142218359e-03
4.394303028613833970e-03
4.178470789881075578e-03
3.954666840322947421e-03
4.314014135654699843e-03
5.479152251224396475e-03
4.235542505600695118e-03
3.497259517721200504e-03
3.537886965451604148e-03
3.897668809582621394e-03
4.035272998577457172e-03
4.273704332062753727e-03
5.543423374578104225e-03
5.878910785383086902e-03
6.939728657509815733e-03
6.491590445166674564e-03
6.200909243612471450e-03
4.769784358914120649e-03
5.041613289519110419e-03
5.250462813064124719e-03
5.390774747958580575e-03
6.236993082230753160e-03
5.970824715065754448e-03
6.167479104094080594e-03
5.711860086579444162e-03
5.005133417198213627e-03
4.015864536039910442e-03
4.876468693679671985e-03
3.722789697349071503e-03
2.901656490008709677e-03
2.586122712720248865e-03
2.958305243213298075e-03
2.923830080840547022e-03
3.257391074577630635e-03
6.091822806935189016e-03
6.517409220716710583e-03
6.653503570074247205e-03
7.639652899450669575e-03
7.200320269044299497e-03
4.553159855092062461e-03
4.489740178726961059e-03
5.723123064067834470e-03
6.577613611825962672e-03
6.691295418777834340e-03
6.383204982631792736e-03
6.260115850590548640e-03
5.882721252234305101e-03
5.233371898658194417e-03
5.046719385279437552e-03
5.101536226979756436e-03
2.990582886830729821e-03
2.404974876129526394e-03
2.371813249537500431e-03
2.261742176014487887e-03
1.479036080003795018e-03
1.734586543072078177e-03
6.218249428133338155e-03
6.323117991688393356e-03
6.469533407776537764e-03
4.881332877044708071e-03
4.342293479258857967e-03
5.152493200543084052e-03
7.571811588003568051e-03
7.812811991212677276e-03
7.426272274657957223e-03
6.874262193470435760e-03
6.408016339449559493e-03
5.942010533822290365e-03
5.907720017988803141e-03
6.367317542938863081e-03
5.843980443048275505e-03
2.752650639642093347e-03
2.419497407341407620e-03
1.752473279770653094e-03
1.515571067456976916e-03
2.152023221350322490e-03
2.915940689459695610e-03
4.654475953429937363e-03
3.848025520032240070e-03
3.835623748442631466e-03
4.367138908276239385e-03
5.689085870626051263e-03
8.712663154672214971e-03
7.974213589631736626e-03
7.159231015544195546e-03
6.190393317364535457e-03
6.219671289357593842e-03
6.024052349503262495e-03
5.969727332940545986e-03
6.929324971417249318e-03
6.850081693254790431e-03
2.417203007360636119e-03
2.444198674727547128e-03
2.294164691593940115e-03
2.624638982401308190e-03
4.368185476100040592e-03
3.974546591546070616e-03
4.328620450381757967e-03
4.472695515980407328e-03
4.587206233813726983e-03
5.565478303667031196e-03
9.137356723856054214e-03
8.208022766250336333e-03
7.257787200969533468e-03
6.446530340018414261e-03
5.893208962565256274e-03
5.559316275925454270e-03
5.909650357661105392e-03
6.981562065371012607e-03
3.928454867090588193e-03
4.516712322799583922e-03
3.912335989791584055e-03
3.402600552239534032e-03
5.046948265694713512e-03
5.222037241210119272e-03
5.196020295212076985e-03
5.240061243411974455e-03
5.579567078295779269e-03
8.649877375149625167e-03
8.008261288785557125e-03
7.650081091955051628e-03
6.652982708192982549e-03
6.784686301755956002e-03
6.481544864442893676e-03
6.774381600257198439e-03
7.038798451549925679e-03
5.845304707290163021e-03
5.128809506906259821e-03
4.506237515084587572e-03
4.403267706886438912e-03
5.327549771902987709e-03
6.141791933105658456e-03
5.392626747765215389e-03
8.085440424018366587e-03
8.127086637491089810e-03
8.443342216936397179e-03
8.380036388713298090e-03
8.013975767071470149e-03
7.576253991258346046e-03
6.462907368293568759e-03
6.123048803370477640e-03
5.076411178718336428e-03
4.379879298493645316e-03
5.232656675477717623e-03
4.969072770879809364e-03
4.819421857788811284e-03
4.950110046331123587e-03
6.173527862933874365e-03
8.358042350109671711e-03
9.465220694822827630e-03
7.410380825542418545e-03
7.018483650349712291e-03
5.790315710513268752e-03
5.421171300271052616e-03
5.094258801348634097e-03
5.140038625479249543e-03
