2.836936079708313523e-06
9.163270330447275281e-04
1.193527836326159150e-03
1.357005072350148112e-03
1.351849501024217142e-03
1.283090660397375425e-03
1.608151062058844113e-03
1.943556023591021427e-03
1.974266865367642690e-03
1.937147997439793478e-03
2.138635899082773784e-03
2.398005258526964955e-03
2.454609101659607773e-03
2.378041356960552272e-03
2.352847703526816155e-03
2.531452157220872613e-03
2.568249030048917660e-03
2.919793701760775746e-03
2.995762549007536385e-03
3.000630909308052690e-03
3.237780905650672943e-03
3.122809902368777184e-03
3.626428905789353795e-03
3.674146192470393452e-03
3.988974141181131187e-03
3.894625165470977281e-03
4.134260109874477417e-03
4.473399394137440865e-03
4.356806086727228224e-03
5.046355108433268205e-03
4.528366911744206857e-03
5.095942180706442004e-03
5.082969174164363169e-03
5.569298913019599465e-03
5.587159351903367085e-03
5.702464262972118877e-03
7.220511051186229504e-03
6.495923602394224582e-03
6.465930761481720503e-03
6.384492016647642758e-03
6.441854295419828687e-03
6.807002666245426381e-03
6.753762536474782092e-03
6.987936200930980335e-03
7.114953605447100690e-03
6.774914029272455056e-03
6.957390692035517361e-03
7.053662958336142687e-03
7.503412912657281449e-03
7.459072340794989202e-03
7.412782568155370545e-03
7.520881008698696371e-03
8.008633903328104403e-03
7.639821542941445907e-03
7.686537275480203116e-03
8.327803359401744418e-03
8.319957992704263630e-03
7.943478672602614574e-03
8.217528455384910321e-03
8.361240273178287968e-03
8.702208500605707400e-03
8.698923845812892713e-03
8.897991164439577466e-03
8.938521220871974843e-03
9.407606927595025745e-03
8.869398347401172625e-03
8.642610754734426221e-03
8.713503202984454812e-03
8.359540721462456123e-03
8.677177451046326484e-03
8.997999295221317459e-03
9.118830573985261742e-03
8.926915441030547696e-03
9.192830209731359808e-03
8.741812553063058738e-03
9.018293556813472209e-03
8.930248191910353933e-03
9.473365461574224239e-03
9.058057241481006633e-03
8.743817555375567666e-03
9.325957725770588763e-03
8.885418623133868252e-03
9.111402477017315621e-03
8.931689117663812322e-03
8.905259587172413560e-03
9.266187772074521017e-03
9.382268400269361958e-03
9.261586898598276121e-03
9.239061609934713648e-03
9.199908896418449583e-03
9.371183864428091551e-03
9.649774492677299850e-03
9.681329093993929630e-03
9.753288540185627714e-03
9.929593478700135534e-03
9.777080572233502395e-03
9.644599042034336309e-03
9.986958519262749759e-03
9.995242586082059288e-03
9.732795005084494272e-03
9.666842749319240480e-03
9.877775957543287813e-03
9.997202781291314802e-03
1.017511887348727939e-02
1.032690063283521822e-02
1.080316265820172386e-02
1.075327915762385247e-02
1.072274749993544669e-02
1.099907776495393646e-02
1.087133405243726272e-02
1.108935963658176996e-02
1.130009792415938991e-02
1.112609764563733325e-02
1.142323982531215538e-02
1.148969220899409387e-02
1.185999149152200914e-02
1.165217595595074290e-02
1.194926022084285416e-02
