0.000000000000000000e+00
6.000635551906318484e-05
7.425802669455004626e-05
1.079003862765613627e-04
1.604452146854146546e-04
2.407413709142351081e-04
2.863986913436190082e-04
3.577783378951434538e-04
4.419159323817249685e-04
5.245446599542578523e-04
6.200262260354276554e-04
7.186185263070242989e-04
8.317816169921381231e-04
8.785012336942852338e-04
9.714010642989122151e-04
1.061303667473511561e-03
1.136593773249537512e-03
1.219650700734961884e-03
1.298303015773538509e-03
1.379283192153512748e-03
1.460700542322828244e-03
1.521526920752003546e-03
1.606815864808616582e-03
1.644921386439482337e-03
1.712689061531887319e-03
1.803773705585290333e-03
1.865432013296491930e-03
1.950013189795854387e-03
2.013362890744573030e-03
2.106632899958219701e-03
2.225223519922031774e-03
2.318915379463881276e-03
2.394941732877222274e-03
2.490626917594291473e-03
2.581129327322715956e-03
2.701828159685273553e-03
2.813707445472252763e-03
2.920453699322140065e-03
3.017234694376867785e-03
3.111966518716176213e-03
3.197746168663240934e-03
3.278670084815488422e-03
3.316388088081643083e-03
3.376471870227224295e-03
3.440882514767225082e-03
3.504960965831169055e-03
3.572063469871369999e-03
3.630150722055776671e-03
3.693857907456873577e-03
3.799163247105353473e-03
3.855875300317854713e-03
3.954847928875454034e-03
4.009977807440576712e-03
4.120641725006273307e-03
4.175622050973083754e-03
4.271623761442925639e-03
4.376415272712346448e-03
4.466978928970571396e-03
4.526218999987414310e-03
4.567105633292799401e-03
4.614595479750467633e-03
4.641186199746514737e-03
4.639097944942015272e-03
4.676249050592460287e-03
4.685921817657946568e-03
4.735033615960637134e-03
4.769629407273686186e-03
4.819934633757308462e-03
4.906661612250185107e-03
4.968997352190297062e-03
5.030678982363281232e-03
5.112027132771290380e-03
5.201245762107993206e-03
5.252899824035343543e-03
5.364786490208854272e-03
5.432158280468500286e-03
5.524134664919773743e-03
5.631646002451700869e-03
5.704241786609711047e-03
5.823064869465884898e-03
5.904705424754708512e-03
5.940240866375409191e-03
5.955962784944312215e-03
5.950240329068794652e-03
5.945412549166671085e-03
5.928249501482235964e-03
5.905892147236460263e-03
5.897305068368835154e-03
