4.264422311362895020e-03
4.490371116183020615e-03
4.370227286761457428e-03
4.274435489523139946e-03
4.510407145558433493e-03
5.214864028279076608e-03
4.336041250181468971e-03
4.588176961988210678e-03
4.972274690358476600e-03
4.989158044653860084e-03
5.117396675896915444e-03
5.631987735713747494e-03
5.896446612578901299e-03
5.829676498912952400e-03
5.963205127045512199e-03
3.767955540256066795e-03
3.649154275825077995e-03
4.315480462868104966e-03
4.913849375126036652e-03
4.748039138080043832e-03
4.808764121579853050e-03
5.161970123563977726e-03
5.930885958315973774e-03
6.988508780275217748e-03
6.509455132552168823e-03
5.176053411560133100e-03
4.386586981127038598e-03
3.685627174987034325e-03
3.801038658077066437e-03
3.692428136921741943e-03
3.720691787417639267e-03
4.555437523363666495e-03
4.547653952613472939e-03
4.529564789581027977e-03
4.644372045401145427e-03
5.585602442310614625e-03
7.066536366685547375e-03
7.233851404056291373e-03
5.616650370277718150e-03
4.113397152237171193e-03
3.050178485202857236e-03
2.517912931084124919e-03
3.259359647265889625e-03
3.457059787416999833e-03
3.464435523545200332e-03
3.411518134684725281e-03
3.421793501316146378e-03
4.368582994423129105e-03
4.342171236534009965e-03
3.960102309726856208e-03
4.471246957440267594e-03
5.158764045600863941e-03
6.204792748163031300e-03
7.687564156102863304e-03
7.039631936508653799e-03
4.856309408337851873e-03
3.603603993807072588e-03
3.036962541624564898e-03
3.154024963309480425e-03
3.106747722168537625e-03
3.041681410236792091e-03
3.139738713137128334e-03
3.312343181195584289e-03
3.191016614437103271e-03
3.605675777759064209e-03
4.461802436377514808e-03
4.046508195725354202e-03
3.709612604738636490e-03
3.752065801315686722e-03
4.067447237585755833e-03
6.270162877626717091e-03
9.666999214955880257e-03
1.044838140329705858e-02
6.603378772772636705e-03
4.231679488756609313e-03
3.248635314362631563e-03
3.055246149994094145e-03
3.083629163236103077e-03
2.533571127886799328e-03
2.358735793016173820e-03
2.752247266471385956e-03
2.702384425157850281e-03
2.751085737889463409e-03
3.269456750289960380e-03
3.401291217993606102e-03
4.171433223580772384e-03
4.418245897713032715e-03
4.110020775855941812e-03
3.428817642006007187e-03
3.471108100546354755e-03
4.030916183678941687e-03
6.962672455384480603e-03
9.713797229282632520e-03
1.004773980523829963e-02
6.496247609241188013e-03
4.556501499874601908e-03
3.802750230534002185e-03
3.657984536733817089e-03
3.157296694222498906e-03
2.926887510429051868e-03
3.038011089136654838e-03
2.788462633775039192e-03
2.146039793098514573e-03
1.976580316708846565e-03
1.398769249631599907e-03
1.484171021729707718e-03
2.745085988532413018e-03
4.056451842188835144e-03
4.302065967666831962e-03
4.069391278211365731e-03
3.676804354075681198e-03
3.980949542231180215e-03
5.252343083901161655e-03
7.748012790795077293e-03
8.160869924309239673e-03
7.239960554712029060e-03
5.839731073303317324e-03
5.237010433947117231e-03
4.579423979686742321e-03
4.067863999146290564e-03
3.983490539460696721e-03
3.918545987372371205e-03
3.545262893153862480e-03
2.594835378906943778e-03
1.831563189625740051e-03
1.730210634625770809e-03
1.448193861340934521e-03
1.132385593584992649e-03
2.044698943129994850e-03
3.537942443720319251e-03
3.744552927938374527e-03
4.079190082848072052e-03
4.109129161489280709e-03
4.359332294288006775e-03
6.377809850329702393e-03
8.346404869702051671e-03
7.475236044476993823e-03
6.135364462600343370e-03
4.900824809076518261e-03
4.421922191382195687e-03
4.693103432972830884e-03
4.442208308980546451e-03
3.674010989594865811e-03
3.560878452844917774e-03
3.526371353390542022e-03
2.549890090118754876e-03
2.207903360778635041e-03
1.858195120638067013e-03
1.546482555568218231e-03
1.325619660995223286e-03
1.839025856249711750e-03
2.624576234004714469e-03
3.329143880612471084e-03
3.722457172857089516e-03
4.450896987691521645e-03
5.336264222437007466e-03
6.695309854959222325e-03
7.969613991339098008e-03
6.614563711495561639e-03
5.232964308974756042e-03
4.478052310084670341e-03
3.949312981314340512e-03
4.535690711980516418e-03
4.738845587284727136e-03
4.235380350358106637e-03
3.861575599082491417e-03
3.555324627086520195e-03
2.054586900736797821e-03
1.939437034624544136e-03
1.676604617387056351e-03
1.334216212853789330e-03
1.319482520391995197e-03
1.292690317231145851e-03
1.759772167795083759e-03
2.515976782888174057e-03
3.476095174185254554e-03
4.737125032327391648e-03
5.774758121168071731e-03
6.508560004559430130e-03
6.880313962359319718e-03
5.940854004372588849e-03
5.431429575599560841e-03
4.698883593929084786e-03
4.043631642823377649e-03
4.690530842212451736e-03
5.029023413292386079e-03
4.361391067504882812e-03
3.982736401005901837e-03
2.804558152671564591e-03
1.679993001744151115e-03
1.323426819660446880e-03
1.313634978776628262e-03
1.085859300060705666e-03
9.983847002414140623e-04
1.200297741558064213e-03
1.116563671861182461e-03
1.320399132303216221e-03
1.437352546914057259e-03
1.806349218399687286e-03
3.806971733204343299e-03
4.944368022155355008e-03
5.269130342639982700e-03
5.944816025227985835e-03
5.832575462673875340e-03
5.812540981093083231e-03
3.964598371319219029e-03
4.162007235043512984e-03
4.507881647441536188e-03
4.360128426924347878e-03
4.031727661971341165e-03
3.023251086812127602e-03
1.292424593967470177e-03
1.097510145469145302e-03
9.698411661454222222e-04
9.327489586377686213e-04
9.468731216408989449e-04
8.031279906969178905e-04
1.258511815897443058e-03
1.255651300942355877e-03
1.483104953711683041e-03
1.675987933677705773e-03
2.403460951013998512e-03
3.291981569914655213e-03
3.620926565913991455e-03
3.632190192795612792e-03
3.819729116829958908e-03
3.166752602820369251e-03
3.523099008651281103e-03
3.730916957878931042e-03
3.403221632734956988e-03
2.770756762898103718e-03
2.752635448070412175e-03
1.722533329897983547e-03
8.506712249734184762e-04
7.468797901475971888e-04
9.967132725498893241e-04
8.841022129424593468e-04
9.205183120105754147e-04
1.342459856955842499e-03
1.609588317065076355e-03
1.519674625755711075e-03
1.796127423982728710e-03
2.349321285940029602e-03
2.542211970483715042e-03
3.050616635432974819e-03
3.058831556700170040e-03
3.524802604012868424e-03
3.405810153873806492e-03
3.174155835453844245e-03
2.433764363310976942e-03
2.155359538102691666e-03
1.680212635123594280e-03
1.398481164042922505e-03
1.185629040595482598e-03
1.231461086056449177e-03
9.033184667879885386e-04
1.095698680728673935e-03
1.055257934653623577e-03
2.032398203895850654e-03
1.888410780917514553e-03
1.923687015236778732e-03
1.782446940937502857e-03
2.231958417475900670e-03
2.317439743571660538e-03
2.444141523235223313e-03
2.415678040547804360e-03
2.941976767033338547e-03
2.803863380739296182e-03
2.281444130031476565e-03
1.715878542695877060e-03
1.678418592994355323e-03
1.382263144478201866e-03
1.303821368227628223e-03
1.543499592860991245e-03
1.657581115564839367e-03
9.100918806242672176e-04
1.099633402191102505e-03
1.659775533798066131e-03
1.964055721394040565e-03
1.937342214990745793e-03
1.671769994903694401e-03
1.711654275740412227e-03
1.949699627320197574e-03
1.599440774457021232e-03
1.590310151434757473e-03
2.009904615327038745e-03
1.896926016673784266e-03
1.475732646543871174e-03
1.539637566400580684e-03
1.171060385372997645e-03
1.092867624141614447e-03
1.343426241708750015e-03
1.336547281508418568e-03
1.147128588689321762e-03
7.684796265411106319e-04
7.607704451815648118e-04
1.823242007627744665e-03
1.907493294724686619e-03
1.536532426887953764e-03
1.794861576689237839e-03
1.656989402942020883e-03
1.393364742398262024e-03
1.238750733054158441e-03
1.327987374018200399e-03
1.594772483010522364e-03
1.390016555722633487e-03
1.148780696088248310e-03
8.159770275762474488e-04
1.101104569071057089e-03
1.289836982984773157e-03
1.164151752494614134e-03
9.380006337199698696e-04
9.007952493530782491e-04
1.850345947208221565e-03
1.535069842992181069e-03
1.752558622022413375e-03
1.819684955989941955e-03
1.701983213107186206e-03
1.613251928409392124e-03
1.270101117287677876e-03
8.627300584604116708e-04
1.062115365956825368e-03
1.146094516364180209e-03
1.069052784417449855e-03
8.221056539861655186e-04
9.470193181186914444e-04
1.168613954426043393e-03
1.303720145105299703e-03
1.530615345803777250e-03
1.825036760816477676e-03
1.895975894347595161e-03
1.948040208927440294e-03
2.115589519896523153e-03
1.635079806212822633e-03
1.058249319612514228e-03
1.090496648843823548e-03
1.137345184278357006e-03
1.029305853907399974e-03
9.295041327277431265e-04
1.035204775689635426e-03
1.955478766996582643e-03
2.050437469733878970e-03
2.161380533255975473e-03
2.110484363087876316e-03
2.066453069511970178e-03
1.589171757752245182e-03
