4.264422311362895020e-03
4.490371116183020615e-03
4.370227286761457428e-03
4.274435489523139946e-03
4.510407145558433493e-03
5.214864028279076608e-03
4.336041250181468971e-03
4.191826923157681434e-03
4.482860295948657044e-03
4.396769704974510216e-03
4.511824872514063819e-03
4.979127562943507640e-03
5.246511808681217186e-03
5.829676498912952400e-03
5.963205127045512199e-03
3.767955540256066795e-03
3.649154275825077995e-03
3.851265244355256065e-03
4.259930457919836044e-03
3.986629699780182799e-03
3.822427941486239433e-03
4.121030289256436864e-03
4.615030346692285991e-03
6.021678431848572453e-03
6.245913873003287355e-03
5.176053411560133100e-03
4.386586981127038598e-03
3.685627174987034325e-03
3.509855744513598434e-03
3.105410268868912232e-03
2.983921016989783768e-03
3.714725354009053727e-03
3.424290059642358299e-03
3.190324112603610054e-03
3.335175750015134319e-03
4.338014468720013603e-03
5.657852500338445695e-03
5.948515868195417174e-03
5.210263028857298195e-03
3.630165742585879807e-03
3.050178485202857236e-03
2.517912931084124919e-03
3.259359647265889625e-03
3.152024424211545463e-03
3.111739727583798416e-03
2.954666185277429573e-03
2.767836526882919319e-03
3.503070890226147194e-03
3.330921267413280030e-03
2.760814735665917397e-03
3.218706062232906326e-03
3.922035928222943751e-03
4.249886159827424327e-03
3.997871218333867542e-03
3.515997867824890814e-03
3.077840801614167496e-03
2.472592212143354118e-03
2.781589668963781615e-03
3.154024963309480425e-03
3.106747722168537625e-03
3.041681410236792091e-03
2.771594815633513908e-03
2.814218063246119988e-03
2.585428512909195443e-03
2.730379643088037475e-03
3.464917990971695411e-03
2.962878418409011384e-03
2.540121934461322777e-03
2.586436606096950523e-03
2.767188548618419643e-03
3.902117393656887989e-03
7.175822783293286889e-04
6.831485056450633218e-04
2.416448107644762321e-03
1.951061694522981038e-03
2.107329923257400886e-03
2.289665899959138651e-03
2.591335108842361939e-03
2.533571127886799328e-03
2.358735793016173820e-03
2.752247266471385956e-03
2.368911635130643845e-03
2.296942413191903603e-03
2.619817556644027726e-03
2.526919696141373146e-03
3.380365373397415177e-03
3.433733331886204727e-03
2.880509096113118180e-03
2.444838300685990822e-03
2.533122674900699627e-03
2.321351965127343639e-03
4.896936160300604558e-03
8.809070409783585111e-04
6.701643710791606746e-04
2.976875217427732423e-03
2.508111897358586244e-03
2.213959336090324994e-03
1.734220126474445576e-03
2.093824176964434632e-03
2.332682583735070248e-03
2.300640335306525230e-03
2.788462633775039192e-03
2.146039793098514573e-03
1.714297612621025566e-03
9.135619991204955558e-04
7.901684465733441144e-04
1.893069341101429699e-03
3.122188553044741646e-03
3.299104896458712570e-03
3.237965834242376335e-03
2.655565696345134254e-03
2.730557229369878769e-03
2.645177004689519898e-03
4.937640200792388877e-03
3.893627203069627285e-03
2.584748170523777384e-03
2.935832128555789042e-03
3.183012715784240294e-03
2.501118285263973125e-03
1.725275238806551212e-03
1.474355770782990929e-03
2.301524901254610542e-03
2.580520104278217781e-03
2.594835378906943778e-03
1.831563189625740051e-03
1.355875812640244251e-03
9.708806703036481191e-04
5.327097605913877487e-04
1.289010386575351963e-03
2.482665469869971275e-03
2.665976379913362511e-03
3.188698256218975083e-03
3.206072777340357796e-03
3.055139815180816631e-03
3.998954505236310998e-03
4.754850333979861697e-03
3.947941816560077317e-03
2.758709564990237135e-03
3.182312611401853699e-03
3.256433989504743751e-03
2.063931648577140097e-03
1.865705612792887451e-03
1.635821599682623631e-03
2.043652252971448879e-03
2.342553491788831703e-03
2.549890090118754876e-03
2.207903360778635041e-03
1.424815251745960949e-03
9.401974437588995646e-04
5.680740260603753299e-04
1.134882659905336140e-03
1.713368427855047234e-03
2.345982219346544762e-03
2.977716567164117797e-03
3.616782624951817970e-03
3.571600261652334209e-03
4.232355329970067040e-03
4.972024767828936084e-03
4.196918590671636605e-03
3.057972707954997524e-03
3.529567058483900829e-03
3.278355411670087500e-03
2.420301350701431140e-03
2.423139056190848351e-03
2.164965516633608322e-03
2.244729675691236031e-03
2.896085339175029274e-03
2.054586900736797821e-03
1.939437034624544136e-03
1.220216043293476105e-03
6.879828658632256965e-04
5.596948533572933693e-04
7.110708816484971086e-04
9.467144793068820287e-04
1.632985383780165192e-03
2.602172613313252433e-03
3.836495717140761368e-03
3.906367537142200509e-03
3.909719060175120831e-03
4.267045741223476386e-03
3.894148934209211346e-03
4.069849089401858695e-03
4.000841502684951596e-03
2.172729291818210635e-03
2.134356626563451310e-03
2.649928379634564415e-03
2.503846052356741448e-03
2.709601974030109890e-03
2.157463649795814033e-03
1.536947738548571354e-03
1.323426819660446880e-03
1.313634978776628262e-03
7.811547891998833369e-04
6.346306340260939559e-04
6.223803555423563670e-04
3.335386176000941982e-04
6.137269295074722786e-04
6.961551579562100201e-04
9.215282149274240742e-04
2.776486333459615707e-03
3.365585823882032406e-03
3.700030480765483399e-03
4.163026174699718460e-03
4.458306346681307347e-03
4.627069839361039154e-03
2.599615081387376004e-03
1.648557779183399590e-03
1.799815710083666094e-03
2.186016698198562161e-03
1.956198671409352299e-03
1.655084356157617096e-03
6.313994738527319451e-04
9.891046846116130411e-04
9.698411661454222222e-04
9.327489586377686213e-04
6.659009324556046773e-04
4.632373298095031366e-04
5.123108117417855302e-04
6.385247477076270561e-04
7.866105403412472019e-04
5.593450570648366262e-04
1.073490193283015972e-03
1.964990959756753464e-03
2.453240851702337758e-03
2.569270394319160458e-03
3.402751637622714043e-03
2.459262857552279007e-03
1.625001547670928406e-03
1.545104254711821565e-03
9.268429500728168468e-04
1.276669790968298912e-03
1.281878011385825626e-03
5.737260640175504724e-04
5.936611189760944863e-04
5.900230131704698811e-04
9.967132725498893241e-04
8.841022129424593468e-04
6.207411431453444938e-04
6.685294951735572776e-04
9.118575094775719682e-04
6.024436813525178413e-04
5.784693004732781698e-04
9.628830858590928287e-04
1.632308312268419739e-03
1.347764056514610042e-03
1.911634028973904602e-03
2.053683687170798286e-03
1.718784740660339594e-03
1.145543963172134449e-03
4.909350649210285833e-04
5.488102959299629878e-04
5.849820656955919285e-04
3.688740967349572763e-04
4.334820392118259058e-04
4.860368260944431429e-04
7.102183616635473996e-04
1.095698680728673935e-03
1.055257934653623577e-03
1.489255153997377876e-03
1.188840695910833118e-03
1.056403112174435135e-03
9.190537437627261828e-04
1.068627504123882774e-03
8.827318881892344971e-04
9.454944044012914906e-04
9.000351419672369957e-04
1.233978906053711166e-03
1.314494584221392870e-03
7.710008900506760488e-04
6.644875435003169727e-04
6.137511147905818244e-04
2.863286750983785401e-04
3.431436965580691089e-04
7.704262812198562661e-04
1.048691041598265880e-03
6.796046033162962208e-04
1.099633402191102505e-03
1.659775533798066131e-03
1.458478445949202293e-03
1.152757639912041672e-03
6.401330359618772258e-04
8.437124779447913170e-04
8.559230905534191171e-04
6.689275614917278290e-04
3.893729087642648200e-04
4.432769386436451664e-04
4.885980107990855028e-04
6.349133406977423410e-04
7.238507154066941207e-04
3.230659190607680664e-04
7.541080915623090287e-04
6.008491089398211192e-04
6.595449098809199294e-04
4.982065451754765471e-04
6.079410245134072265e-04
7.607704451815648118e-04
1.823242007627744665e-03
1.330050713890655514e-03
6.876279420050030898e-04
7.583368887108835011e-04
6.935812998563051224e-04
5.559810458428480606e-04
4.361544111320241079e-04
3.894705970940942163e-04
6.812617701308971594e-04
6.059007031250406494e-04
3.556442675987496493e-04
2.580482872541655292e-04
7.806536265310238610e-04
8.129305417903444787e-04
6.003271873024376660e-04
9.380006337199698696e-04
9.007952493530782491e-04
1.850345947208221565e-03
7.337686679833991567e-04
8.816547924652695656e-04
8.367131522390991449e-04
8.022314842409369916e-04
7.516812686596742888e-04
5.457188156221739073e-04
2.946607895534147014e-04
5.335600342897868107e-04
4.934095777571201324e-04
5.128224021032937131e-04
2.616474733010611554e-04
4.898795609320090970e-04
1.168613954426043393e-03
1.303720145105299703e-03
1.530615345803777250e-03
1.325132690081690275e-03
1.461782108394386794e-03
1.051323882910020760e-03
1.305996187676845008e-03
9.504848018299195478e-04
5.592281360639555056e-04
1.090496648843823548e-03
1.137345184278357006e-03
1.029305853907399974e-03
9.295041327277431265e-04
1.035204775689635426e-03
1.955478766996582643e-03
2.050437469733878970e-03
2.161380533255975473e-03
2.110484363087876316e-03
2.066453069511970178e-03
1.589171757752245182e-03
