0.000000000000000000e+00
1.223305758354252439e-04
1.476345482106581871e-04
1.605131322826231009e-04
1.966398086115287813e-04
2.259527945344190188e-04
2.224142287817118795e-04
2.278330344895191631e-04
2.635296217404648074e-04
3.087985669448128673e-04
3.317617684380210841e-04
3.546579154990362566e-04
3.855945787768572325e-04
4.027705634885049828e-04
4.395431808422151478e-04
4.671392817080247876e-04
4.854997746012008029e-04
5.041476835233780172e-04
5.412013782327086599e-04
5.773728808506380225e-04
5.942757550004204841e-04
6.103827755485568239e-04
6.364460804712833214e-04
6.502952677839721413e-04
7.090416033835115475e-04
7.518492018715801795e-04
7.839030985309301250e-04
8.106813083362941590e-04
8.420461424218620046e-04
8.844850552312066112e-04
9.608891228140894461e-04
1.002830804397642807e-03
1.046677563253506100e-03
1.103043335327081806e-03
1.161533996315284147e-03
1.275886493398386765e-03
1.388240490565305178e-03
1.529390000809869579e-03
1.672791517972192559e-03
1.810742952335004209e-03
1.927833628547687530e-03
2.039729198558670482e-03
2.130501434862051239e-03
2.264173920104829100e-03
2.307536647331394873e-03
2.366030582395379622e-03
2.423424048342868748e-03
2.512336699689087047e-03
2.601246070671918171e-03
2.680179293989472938e-03
2.759672180307703570e-03
2.857188982105103494e-03
2.950435230648750917e-03
3.036533499574302179e-03
3.094639081746471728e-03
3.160157112735781024e-03
3.222155160720815547e-03
3.287841170061261194e-03
3.319039071588427217e-03
3.340163610160964448e-03
3.321266835730393545e-03
3.339421167492602656e-03
3.361227846648234645e-03
3.448390848971661163e-03
3.547868047315342211e-03
3.641468737741415402e-03
3.686121865093231528e-03
3.715318836345111227e-03
3.756215362008822473e-03
3.769228765821740993e-03
3.799084458914666132e-03
3.818629609573648536e-03
3.828709831316968841e-03
3.850312985451569137e-03
3.879595134110187370e-03
3.910945033630345777e-03
4.007550386121971550e-03
4.045479707569596926e-03
4.090270925615376030e-03
4.108194821911885682e-03
4.137961663407707137e-03
4.114320818084154542e-03
4.107615230567995476e-03
4.103342817150489909e-03
4.088844575778233584e-03
4.070667963940313890e-03
4.047986412054295144e-03
4.391097071775063379e-03
