-3.320839999999999903e-02 2.109499999999999830e-03 1.961536999999999864e-01
-3.299099999999999949e-02 2.215099999999999795e-03 1.952986999999999917e-01
-3.318000000000000116e-02 2.043000000000000111e-03 1.954191000000000122e-01
-3.266850000000000309e-02 2.084100000000000188e-03 1.953322000000000114e-01
-3.344079999999999969e-02 2.142400000000000033e-03 1.969298999999999911e-01
-3.399370000000000169e-02 2.123100000000000161e-03 1.973023999999999889e-01
-3.390320000000000139e-02 1.850300000000000035e-03 1.966592000000000062e-01
-3.438019999999999965e-02 1.823299999999999921e-03 1.962499000000000049e-01
-3.403470000000000106e-02 1.826799999999999952e-03 1.948223000000000038e-01
-3.372270000000000129e-02 1.561399999999999897e-03 1.941326999999999914e-01
-3.412489999999999968e-02 1.704999999999999918e-03 1.938236999999999877e-01
-3.414029999999999843e-02 1.437600000000000032e-03 1.935294999999999932e-01
-3.362690000000000123e-02 1.856199999999999907e-03 1.911632000000000053e-01
-3.392520000000000258e-02 1.657300000000000006e-03 1.912066000000000043e-01
-3.418260000000000048e-02 1.653299999999999909e-03 1.908596999999999932e-01
-3.411990000000000162e-02 1.559700000000000019e-03 1.895387000000000044e-01
-3.414679999999999799e-02 1.717800000000000013e-03 1.890757999999999883e-01
-3.413719999999999949e-02 1.704500000000000069e-03 1.880514000000000074e-01
-3.447809999999999764e-02 1.531800000000000045e-03 1.874476999999999949e-01
-3.534640000000000004e-02 1.352200000000000017e-03 1.875230999999999981e-01
-3.599469999999999753e-02 1.257700000000000051e-03 1.871425999999999923e-01
-3.662819999999999965e-02 9.844999999999999151e-04 1.873605000000000131e-01
-3.728179999999999689e-02 1.134100000000000082e-03 1.870383999999999936e-01
-3.765749999999999653e-02 8.319000000000000006e-04 1.869685000000000097e-01
-3.851279999999999981e-02 7.676000000000000097e-04 1.872389000000000137e-01
-3.904300000000000131e-02 7.496999999999999541e-04 1.871073000000000042e-01
-3.960589999999999944e-02 8.162999999999999466e-04 1.871838000000000113e-01
-4.031339999999999923e-02 7.108999999999999868e-04 1.870895999999999948e-01
-4.094359999999999666e-02 7.129000000000000354e-04 1.875199999999999922e-01
-4.134050000000000225e-02 5.611000000000000319e-04 1.866494999999999960e-01
-4.192919999999999980e-02 6.803999999999999502e-04 1.869046000000000041e-01
-4.229720000000000008e-02 2.872999999999999903e-04 1.867955000000000032e-01
-4.281419999999999670e-02 -3.455999999999999979e-04 1.869780000000000053e-01
-4.311620000000000036e-02 -9.529999999999999626e-04 1.869122000000000006e-01
-4.342229999999999701e-02 -1.919700000000000096e-03 1.870767999999999875e-01
-4.347260000000000013e-02 -2.567199999999999951e-03 1.871219000000000077e-01
-4.363430000000000086e-02 -3.481900000000000012e-03 1.867330000000000101e-01
-4.384269999999999834e-02 -4.175899999999999751e-03 1.872716000000000103e-01
-4.355429999999999718e-02 -4.917300000000000317e-03 1.871677999999999953e-01
-4.340829999999999689e-02 -5.228400000000000235e-03 1.871288999999999869e-01
-4.361190000000000205e-02 -6.470700000000000236e-03 1.873666999999999971e-01
-4.331419999999999715e-02 -6.492300000000000328e-03 1.873459000000000096e-01
-4.303950000000000137e-02 -6.825499999999999970e-03 1.882208999999999965e-01
-4.202580000000000204e-02 -7.020900000000000057e-03 1.876876000000000100e-01
-4.164720000000000227e-02 -6.838200000000000008e-03 1.873810999999999949e-01
-4.102940000000000059e-02 -7.255099999999999570e-03 1.871760000000000090e-01
-4.043979999999999797e-02 -7.075099999999999965e-03 1.870322000000000096e-01
-4.018390000000000156e-02 -7.188400000000000171e-03 1.878963999999999912e-01
-3.892179999999999945e-02 -6.995300000000000303e-03 1.873885999999999885e-01
-3.869220000000000298e-02 -6.934000000000000059e-03 1.869461000000000039e-01
-3.773989999999999984e-02 -6.877699999999999612e-03 1.873681000000000096e-01
-3.759559999999999985e-02 -6.856499999999999748e-03 1.872343999999999953e-01
-3.634099999999999830e-02 -6.979400000000000187e-03 1.872981999999999980e-01
-3.603420000000000234e-02 -6.939400000000000082e-03 1.867651999999999923e-01
-3.514790000000000275e-02 -6.839600000000000367e-03 1.876039999999999930e-01
-3.475639999999999979e-02 -6.588199999999999786e-03 1.872756999999999894e-01
-3.441980000000000040e-02 -6.371899999999999786e-03 1.868707000000000007e-01
-3.413870000000000099e-02 -6.109400000000000074e-03 1.863901000000000030e-01
-3.418639999999999873e-02 -5.462899999999999701e-03 1.875506999999999869e-01
-3.404399999999999787e-02 -5.150700000000000243e-03 1.880683999999999967e-01
-3.364960000000000173e-02 -4.270999999999999623e-03 1.874949999999999950e-01
-3.370080000000000298e-02 -3.811499999999999784e-03 1.872708999999999901e-01
-3.371779999999999916e-02 -3.306299999999999864e-03 1.879471000000000058e-01
-3.349850000000000050e-02 -2.674900000000000021e-03 1.871050999999999964e-01
-3.396489999999999926e-02 -2.362899999999999810e-03 1.878825000000000078e-01
-3.341779999999999751e-02 -1.438400000000000052e-03 1.875388000000000055e-01
-3.340640000000000276e-02 -1.122900000000000027e-03 1.873124999999999929e-01
-3.338399999999999701e-02 -5.766000000000000292e-04 1.874035000000000006e-01
-3.358490000000000086e-02 -1.233999999999999908e-04 1.877936000000000050e-01
-3.348999999999999894e-02 5.250000000000000218e-05 1.877856999999999998e-01
-3.327660000000000340e-02 2.159999999999999987e-05 1.879403000000000046e-01
-3.332740000000000008e-02 2.138999999999999951e-04 1.890902000000000138e-01
-3.303609999999999880e-02 6.126000000000000369e-04 1.895957000000000059e-01
-3.305770000000000236e-02 3.617000000000000098e-04 1.897621999999999920e-01
-3.293080000000000312e-02 6.861000000000000345e-04 1.909057000000000115e-01
-3.307589999999999836e-02 3.048999999999999844e-04 1.916729000000000072e-01
-3.315259999999999735e-02 3.220000000000000206e-04 1.921354000000000117e-01
-3.301409999999999761e-02 4.787999999999999830e-04 1.932831000000000132e-01
-3.304780000000000217e-02 1.278999999999999918e-04 1.935862000000000138e-01
-3.279320000000000151e-02 8.484999999999999704e-04 1.944347999999999910e-01
-3.304800000000000099e-02 4.636999999999999954e-04 1.953766999999999865e-01
-3.290919999999999956e-02 1.007199999999999979e-03 1.963985000000000036e-01
-3.280729999999999758e-02 7.609000000000000095e-04 1.965507999999999977e-01
-3.313209999999999766e-02 4.966000000000000362e-04 1.973933999999999966e-01
-3.304420000000000274e-02 8.270999999999999923e-04 1.967415999999999887e-01
-3.304769999999999930e-02 7.692999999999999968e-04 1.969556000000000084e-01
-3.317280000000000229e-02 7.963000000000000026e-04 1.970609999999999862e-01
-3.311120000000000035e-02 8.834999999999999538e-04 1.976224000000000036e-01
