0.000000000000000000e+00
5.927567761350184653e-05
2.026787172541839161e-04
2.386876841265313991e-04
3.600244628951206386e-04
5.030101921160050945e-04
6.800867876457184977e-04
8.227852217162820838e-04
1.023545994366888579e-03
1.249831443617350612e-03
1.442626709295295479e-03
1.674495732656180753e-03
1.863329290555193777e-03
1.996684961761664105e-03
2.215744188532160763e-03
2.449145721179696485e-03
2.693635218442741539e-03
2.891626735434045265e-03
3.110016858024099422e-03
3.237593445828153456e-03
3.442410978358581997e-03
3.525182834339887945e-03
3.621205186512222937e-03
3.661570544117412861e-03
3.751878665169334701e-03
3.822564177315700834e-03
3.901107264732278646e-03
3.986902547305593708e-03
4.112691398709339766e-03
4.180018097378254520e-03
4.299111227190991272e-03
4.330522498866877339e-03
4.433525283164829051e-03
4.584990592323165935e-03
4.704039961751012300e-03
4.809597362609408303e-03
4.970318812327163480e-03
5.019500976962688356e-03
5.279218740919416550e-03
5.463058316782036170e-03
5.659473315772945053e-03
5.863328162860663439e-03
6.097071144559603785e-03
6.305828370386734605e-03
6.604670684813586032e-03
6.806692653409652377e-03
6.996313849113466703e-03
7.158911425909336886e-03
7.259773594078962854e-03
7.396018147287550942e-03
7.485898702157758530e-03
7.645266794487215120e-03
7.773954577020953174e-03
7.926708561902586284e-03
8.071435544532327283e-03
8.269912829699003001e-03
8.454402868938429641e-03
8.659452347768230654e-03
8.889184558728434674e-03
9.093430481304017043e-03
9.239660943568969720e-03
9.397247008864250545e-03
9.537493139323697730e-03
9.643021739923093166e-03
9.697954883113250879e-03
9.641949812117210639e-03
9.637184182856221512e-03
9.549858547192648442e-03
9.412018323823207258e-03
9.228464024043184569e-03
9.057609194646067813e-03
8.830405857109174805e-03
8.676897996169854327e-03
8.438566699287601558e-03
8.305254853444949889e-03
8.121411312059257162e-03
8.023630638069855978e-03
7.874260973313155013e-03
7.837219335538513076e-03
7.777642880766948499e-03
7.777606985986641568e-03
7.819629964725561405e-03
7.918733964146605284e-03
8.035250159681673124e-03
8.166065159646761218e-03
8.339211397374996643e-03
8.530172096623236250e-03
8.679369086166843772e-03
8.801872832424713008e-03
8.939835279433035881e-03
9.068615420491333082e-03
9.186999178377135492e-03
9.321489255112256483e-03
9.418024804821302151e-03
9.517820816028815453e-03
9.617845187834437107e-03
9.683917591320027884e-03
9.708312746609097654e-03
9.760618145406687110e-03
9.749719133530608886e-03
9.692331725553841176e-03
9.634132662214705059e-03
9.538617072225887700e-03
9.477937193163482252e-03
9.429098660061727838e-03
9.369926504767903466e-03
9.383626274981219165e-03
9.411792813718178330e-03
9.435870707226174173e-03
9.519328410848921368e-03
9.593531916845277410e-03
9.695493854714201665e-03
9.803850915366407043e-03
9.912538164694971454e-03
1.003450121090618263e-02
1.019241053875498057e-02
1.030366417192827080e-02
1.041879499316985397e-02
1.040577054756553627e-02
1.039916509577353161e-02
1.041420640738820874e-02
1.043491471307136931e-02
1.046128252405414787e-02
1.047034034400510898e-02
1.045787485983933410e-02
