5.998298525810241699e-03
6.153287723660468694e-03
5.999314934015274360e-03
5.902675181627273573e-03
5.938119173049926335e-03
5.841516062617301691e-03
5.979844532907009104e-03
6.445746175944805194e-03
7.227757040411233840e-03
6.345781922340393288e-03
6.064212486147880880e-03
5.710617482662201302e-03
5.533866703510284014e-03
5.423982664942741429e-03
5.557494580745696820e-03
6.492230117321014758e-03
7.486422948539257077e-03
1.097153545171022405e-02
6.560736685991287384e-03
6.288850352168083233e-03
5.837192878127097674e-03
5.597923651337623902e-03
5.394182726740836750e-03
5.390853971242904816e-03
5.303989402949810077e-03
5.822190225124358916e-03
6.628405008465051984e-03
1.018704625591635750e-02
1.283073160611093028e-02
1.255901059543248349e-02
6.898691177368163757e-03
6.348450705409050022e-03
5.857334688305854652e-03
5.552786275744438227e-03
5.379340514540672039e-03
5.549618825316428999e-03
5.467744074761867780e-03
5.548696599900722511e-03
9.032637415453790772e-03
9.952288035303354097e-03
1.194740741327405056e-02
1.401519454549998017e-02
1.765937567874789269e-02
1.813191209919750788e-02
1.365570132620632683e-02
7.388198256492614809e-03
6.749024465680122237e-03
6.092391341924667351e-03
5.633970707654953163e-03
5.520581245422363087e-03
5.749044641852378568e-03
6.207387886941432599e-03
6.541398189961910269e-03
9.001196842640639059e-03
1.159419771470129520e-02
1.202193577587604492e-02
1.415305866859853205e-02
1.415305947721935860e-02
1.712082215765258278e-02
1.629680893197655786e-02
1.258776024356484356e-02
1.002445052191615164e-02
6.068523652851581969e-03
6.844189047813415208e-03
6.282559722661971990e-03
5.837054207921027991e-03
4.778429746627808027e-03
4.873867765069007756e-03
6.435037612915039257e-03
7.469519354403019069e-03
8.427251875400543907e-03
1.061259522289037700e-02
1.261930214799940504e-02
1.328148076473735333e-02
1.369344680442009105e-02
1.599871367868035965e-02
1.705348525718727512e-02
1.526042027212679356e-02
1.241619802638888395e-02
9.373777452856302608e-03
5.590957961976528515e-03
5.268308222293853656e-03
4.694116547703743383e-03
5.781679242849349643e-03
5.466085225343704501e-03
4.531516939401626989e-03
4.858881324529647737e-03
4.397491246461868175e-03
4.696356475353240766e-03
7.047146886587142903e-03
9.232424519956112380e-03
1.367743999511003561e-02
1.628925639390945562e-02
1.657358044944703609e-02
1.608315455634146823e-02
1.510059409402310891e-02
1.525494137965142764e-02
1.529224503657314847e-02
1.430983985587954560e-02
1.189877649769187015e-02
7.902273505926132174e-03
5.657123133540153774e-03
5.014381587505340430e-03
4.558989599347114743e-03
5.058307319879531451e-03
4.215600281953811763e-03
2.659228146076202375e-03
2.241011977195739909e-03
3.943325877189636161e-03
4.672495916485786167e-03
7.731565937399864467e-03
1.016952292621135789e-02
1.526145957410335492e-02
1.857329080626368353e-02
1.776615426503121847e-02
1.661647363007068626e-02
1.543134474568069042e-02
1.440827083401381888e-02
1.376523777749389353e-02
1.304304120037704656e-02
1.089286537468433375e-02
7.211719542741775249e-03
5.730680555105209344e-03
5.068484663963318190e-03
4.578576937317848337e-03
4.108270332217216214e-03
3.620903328061103859e-03
3.233365893363952456e-03
2.346657827496528587e-03
1.574668928980827365e-03
2.582090094685554529e-03
4.332676857709884602e-03
8.295381501317023593e-03
9.987116940319538255e-03
1.372361392527818649e-02
2.016165222972631302e-02
1.809041641652583965e-02
1.598074836842715632e-02
1.460862345993518829e-02
1.420444934256374914e-02
1.334743313491344383e-02
1.166755872219800948e-02
8.577252827584744277e-03
6.833607852458953476e-03
5.957989737391472009e-03
5.096178099513053866e-03
4.254196912050246977e-03
3.861410304903984021e-03
3.779802098870277492e-03
3.366369456052780307e-03
2.674978137016296477e-03
2.308902487158775389e-03
1.458560869097709619e-03
3.796943858265876878e-03
8.752950727939605088e-03
9.987678021192551020e-03
1.237409446388483027e-02
1.935794754698872550e-02
1.744839051365852309e-02
1.580058593675494338e-02
1.453403711318969685e-02
1.445595639199018408e-02
1.048387758363969642e-02
8.936112957075238034e-03
7.737215057015418840e-03
6.495680786669254247e-03
6.090581618249416365e-03
5.465095683932304563e-03
4.835417106747627071e-03
3.891538187861442490e-03
3.552940040826797329e-03
3.441257208585739042e-03
3.187965184450149668e-03
2.416248023509979300e-03
2.284097760915756309e-03
2.047716975212097047e-03
3.449861973524093618e-03
9.237283915281295846e-03
9.978914707899093697e-03
1.013568981736898481e-02
1.222372268885374078e-02
1.229833699762821267e-02
1.206307163834571816e-02
1.159845593385398430e-02
1.071588228177279209e-02
9.871776370797306563e-03
8.533479470759630994e-03
7.360675923526287245e-03
7.385395839810371746e-03
6.918321400880813633e-03
6.674859851598739444e-03
5.601310461759567184e-03
4.137941181659698583e-03
3.377668976783752310e-03
1.715347290039062524e-03
1.466748133301735025e-03
1.352997094392776462e-03
1.609793767333030654e-03
2.185432165861129691e-03
3.683036550879478527e-03
7.620024546980857724e-03
8.835463300347328602e-03
8.784770041704177343e-03
7.313630566000938610e-03
8.484562478959560561e-03
9.315536968410014634e-03
9.834402173757552518e-03
8.770195521414279535e-03
8.615305298939347420e-03
8.161075607873500073e-03
8.027294773608445455e-03
6.769739627838135092e-03
6.326953403651714228e-03
6.333707273006439556e-03
5.617983430624007811e-03
4.106103703379631285e-03
4.122881963849067515e-03
1.992205321788787821e-03
2.267372757196426357e-03
2.302288889884948706e-03
2.359103769063949658e-03
2.000604525208473077e-03
3.289416328072547729e-03
5.457955345511436747e-03
6.650047123432159535e-03
6.706708893179893355e-03
7.485903441905975703e-03
8.372695796191691880e-03
7.931593045592308378e-03
7.181680313311517537e-03
7.584233165252953802e-03
7.852527591399849002e-03
7.695111490786075981e-03
6.850041203200816706e-03
6.220290005207062059e-03
6.158808022737502844e-03
5.405218675732612922e-03
4.398667111992836214e-03
5.052858456969261391e-03
2.788388662040233550e-03
2.546137377619743167e-03
2.466820932924747647e-03
2.786743715405463982e-03
3.386778123676776730e-03
3.662736341357231314e-03
5.820311397314071288e-03
5.990576110780239209e-03
6.535490550100803153e-03
6.811141110956668923e-03
5.687035918235779086e-03
6.052357185631990211e-03
6.760482566896826306e-03
7.775977449491620029e-03
7.213865928351878738e-03
6.484978079795837222e-03
6.304977007210254766e-03
5.696384146809578032e-03
5.270165637135506079e-03
5.323485091328621077e-03
5.190308973193168661e-03
2.715539686381816722e-03
2.665597192943095980e-03
2.860509686172008331e-03
4.349211588501929876e-03
3.201172821223735674e-03
4.524770855903625759e-03
5.497820034623145981e-03
5.092923872172832288e-03
4.808045662939548250e-03
4.763275846838951368e-03
5.238692386075854100e-03
5.651510933879762798e-03
7.218668837100267709e-03
6.653820700943470327e-03
6.128949157893658073e-03
6.008772343397140482e-03
5.714144453406334173e-03
5.134615533053874838e-03
5.038937121629715257e-03
3.839385494589805589e-03
2.726447485387325283e-03
3.439029365777969242e-03
5.588550090789795241e-03
4.264114491641521169e-03
2.964365780353546160e-03
5.111248455941677302e-03
4.219900429248809627e-03
3.974619843065738296e-03
4.296865776181221265e-03
4.779166474938392924e-03
4.603473904542625117e-03
5.662720797583460641e-03
5.523517001420259233e-03
5.029304720461368582e-03
5.129658177495002684e-03
5.270951166749000306e-03
4.917247951030731187e-03
3.630142137408256479e-03
5.186214143410325036e-03
5.877823974937200317e-03
4.647168546915054176e-03
3.092256113886833382e-03
3.547891680151224036e-03
4.265119899064302549e-03
3.991221044212579436e-03
4.212483368813991873e-03
4.143178172409534531e-03
4.382427784614264556e-03
5.122717445716262231e-03
4.565713003277778979e-03
4.216105137020349433e-03
3.991203006356954484e-03
4.532553493976593066e-03
4.739941291511058467e-03
3.455705210566520705e-03
5.915600661188363633e-03
5.289690931327641413e-03
4.893756453413515908e-03
4.211248707026243009e-03
3.535131508484482769e-03
2.992872976697981326e-03
2.803131621330976625e-03
3.210316807031631577e-03
3.493401775136590042e-03
3.966866497881710134e-03
4.481404870166443705e-03
4.195333424955606169e-03
4.233269315212964679e-03
4.313155539333820600e-03
5.125091795809566704e-03
4.906189209781587103e-03
4.416635099798440697e-03
3.803228558041155463e-03
3.279373212717473333e-03
2.393600294366478743e-03
2.907882362604141246e-03
3.221914987778291221e-03
4.031482195481658065e-03
4.520213943294947717e-03
4.252875687554478340e-03
4.735237788408994987e-03
4.227707847952842310e-03
3.650198914110660761e-03
3.095669470727443681e-03
2.247980784624814890e-03
2.355050189420580808e-03
