5.998298525810241699e-03
6.153287723660468694e-03
5.999314934015274360e-03
5.902675181627273573e-03
5.686497583985328404e-03
5.547853961586952584e-03
5.979844532907009104e-03
6.445746175944805194e-03
7.227757040411233840e-03
6.345781922340393288e-03
6.064212486147880880e-03
5.536987692117691442e-03
5.403077021241187682e-03
4.972347334027290428e-03
5.440919712185859555e-03
5.736027590930461995e-03
6.915860511362552365e-03
1.097153545171022405e-02
6.560736685991287384e-03
6.288850352168083233e-03
5.808820083737373068e-03
5.497041165828705188e-03
5.043616518378257751e-03
4.559382826089858690e-03
3.766221880912780807e-03
4.914830170571804317e-03
7.522898420691490409e-03
8.730514932423830837e-03
1.283073160611093028e-02
1.255901059543248349e-02
6.898691177368163757e-03
6.354061082005500738e-03
5.851516857743262884e-03
5.352533474564552182e-03
5.043510004878044330e-03
4.670425459742545866e-03
3.730979420244693798e-03
4.708552494645118665e-03
7.627918794751167679e-03
7.816961625590920087e-03
6.894210174214094981e-03
9.671624634880571919e-03
1.765937567874789269e-02
1.813191209919750788e-02
1.365570132620632683e-02
7.388198256492614809e-03
6.675475433468818290e-03
5.745211839675903528e-03
5.445680439472198701e-03
5.197668716311454502e-03
5.133662268519401800e-03
3.631918676197528999e-03
4.376959554851055437e-03
7.149228312075137960e-03
7.985262958332895594e-03
6.379742471501231166e-03
1.219434061320498518e-03
1.273753264336846764e-03
1.250965913431718868e-02
1.199914281256496927e-02
1.057088829576969223e-02
1.002445052191615164e-02
6.068523652851581969e-03
6.844189047813415208e-03
6.200092077255249003e-03
5.318502202630043078e-03
4.373450309038162329e-03
3.896958976984023909e-03
5.358468890190124650e-03
5.077902175486087924e-03
5.991227418184280618e-03
5.974813807755708500e-03
8.140621965751052708e-03
8.137738078366964656e-04
5.969482808141037726e-04
9.071803712286054602e-03
1.000042556307744260e-02
9.889142386615276323e-03
9.268670037388801811e-03
8.128639001399278266e-03
4.205551430582999892e-03
5.268308222293853656e-03
4.694116547703743383e-03
5.781679242849349643e-03
5.215951085090637582e-03
4.333357781171798609e-03
4.395433485507965234e-03
4.127792805433272948e-03
3.380939215421676497e-03
5.038929551839828325e-03
6.627954237163067100e-03
9.192786667495966152e-03
1.074062938988208822e-02
9.829140903428196935e-03
8.246301747858524392e-03
5.666343530407175547e-03
6.395040163537487644e-03
7.909098294825526662e-03
8.491882258094846786e-03
7.229161161929368792e-03
4.539875619113445046e-03
3.208470553159713939e-03
3.535075381398201152e-03
4.558989599347114743e-03
5.058307319879531451e-03
3.672799587249755797e-03
2.253685534000396916e-03
1.777105540037155146e-03
3.445014625787735148e-03
3.463298290967941218e-03
5.162596598267555487e-03
6.548952639102935749e-03
9.688471853733062258e-03
1.259271952137351082e-02
1.044894084706902461e-02
7.364412414841353845e-03
6.183307821163907571e-03
6.364664997556246720e-03
7.104800897301174860e-03
7.179252862930298081e-03
5.951903231441974668e-03
3.880893394351005686e-03
3.095301553606987031e-03
2.980381414294242838e-03
3.592765659093856683e-03
4.108270332217216214e-03
3.620903328061103859e-03
2.723859980702400280e-03
2.075329288840294020e-03
1.494038641452789373e-03
2.119135364890098461e-03
3.253884330391883847e-03
5.970959901809692535e-03
6.503624819219112202e-03
8.774878285825252200e-03
1.412286014854908026e-02
1.133924753777682849e-02
8.548251754604279870e-03
6.257974436972290298e-03
6.283862121985293696e-03
6.463854518369771367e-03
6.011056253686547328e-03
3.761486355215311241e-03
3.427028350532054703e-03
3.352073721587657800e-03
2.970676511526107715e-03
2.802456662058830112e-03
3.861410304903984021e-03
3.779802098870277492e-03
3.188761711120605569e-03
2.520239233970641979e-03
2.193011745810508756e-03
2.033537179231643607e-03
2.679497957229614452e-03
7.058757841587066234e-03
6.885200783610344322e-03
7.420799471437930853e-03
1.452092352882027558e-02
1.112089736945927158e-02
9.292520092800259091e-03
8.211844565579667563e-03
7.137503856327384773e-03
3.657337935059331267e-03
3.397350272163748939e-03
4.314013421535491631e-03
3.481936402618884992e-03
3.605567589402198982e-03
3.276100754737853917e-03
3.305837348103523275e-03
2.830805614590644909e-03
3.552940040826797329e-03
3.441257208585739042e-03
3.009319216012954802e-03
2.297920674085616923e-03
2.139952540397644255e-03
2.138592019677162167e-03
2.936026021838188376e-03
7.051805511116981603e-03
7.395260348916053890e-03
6.372257784008980228e-03
8.327500008046627433e-03
9.744555599987506089e-03
1.030215209908783361e-02
1.018504809681326090e-02
7.790898211998864738e-03
5.091123476508073800e-03
4.496948087587952260e-03
4.280735585838556408e-03
5.072264738380909306e-03
4.652273654937743967e-03
4.826635703444480743e-03
4.233093246817589209e-03
3.210322245955467193e-03
3.377668976783752310e-03
1.715347290039062524e-03
1.458959847688675020e-03
1.214587867259979154e-03
1.399439200758933934e-03
2.095096379518508918e-03
3.258962601423263418e-03
6.615055441856384708e-03
6.909265056252479609e-03
5.929410338401794843e-03
7.653208188712596650e-03
9.624776653945446223e-03
1.053808430582284933e-02
9.389471409842371774e-03
5.154159650439396091e-03
4.034175121982116335e-03
4.706722266972065104e-03
4.843602601438760577e-03
4.931433945894241229e-03
4.301032550632953935e-03
4.222487002611160015e-03
4.115690723061561987e-03
3.430385336279869173e-03
4.122881963849067515e-03
1.992205321788787821e-03
2.153868794441223065e-03
1.880426570773124657e-03
1.940142765641212491e-03
2.176296800374984911e-03
2.541714057326316910e-03
3.679464474320411852e-03
5.928432703018188775e-03
6.615638546645641153e-03
7.608677119016647554e-03
9.471614908427000018e-03
7.028469678014516789e-03
4.430457811336964251e-03
4.004338004160672322e-03
4.742347327060997264e-03
4.645355571061372986e-03
4.990969553589821167e-03
4.351842239499092296e-03
4.292241722345352395e-03
4.231181129813194573e-03
4.356246858835220205e-03
5.052858456969261391e-03
2.788388662040233550e-03
2.341917879879474619e-03
2.313138715922832475e-03
2.846620135009288698e-03
2.528625518083572193e-03
2.040480129420757429e-03
4.647201433777808921e-03
5.220789626240730265e-03
6.280940674245357944e-03
6.621497131884097886e-03
4.865978488698601521e-03
3.827940873801708235e-03
4.310452213423559414e-03
5.175009319558740092e-03
4.802933473140001686e-03
4.491118691861629292e-03
4.499334394931792797e-03
4.142019510269164852e-03
4.529730558395385527e-03
5.304614141583442917e-03
5.190308973193168661e-03
2.715539686381816722e-03
2.463801480829715725e-03
2.545697420835494901e-03
4.037699624896049465e-03
1.674209915101528261e-03
3.489398643374443023e-03
4.597797535359859564e-03
4.170402273535728059e-03
3.730155080556869524e-03
4.084370683878659793e-03
4.229903405532240736e-03
3.697763473144732339e-03
5.150890242308378206e-03
4.829583454877137833e-03
4.834901727735996420e-03
4.708042182028293436e-03
4.555365510284900728e-03
4.828935310244560422e-03
4.973526142537593522e-03
3.839385494589805589e-03
2.726447485387325283e-03
3.432251296937465813e-03
5.322931483387947221e-03
3.836119838058948441e-03
2.166421577334403780e-03
4.439712837338447883e-03
3.373227469623089024e-03
3.227038301527500232e-03
3.860065072774887009e-03
4.517279569059610110e-03
3.041441242909058949e-03
4.196958133717999112e-03
4.223281130194663814e-03
3.914175070822239338e-03
4.403183013200759680e-03
4.659771375358104893e-03
4.752137072384357216e-03
3.630142137408256479e-03
5.186214143410325036e-03
5.708739221096039047e-03
4.275367666035890905e-03
2.158446349203586682e-03
2.781759001314640205e-03
3.665029834955930554e-03
3.433729559183120762e-03
4.028424192219972645e-03
3.465166810899973030e-03
3.800124466419219863e-03
4.351839277427643933e-03
3.851934920996427560e-03
3.485537856817245549e-03
3.706847976893186663e-03
4.532553493976593066e-03
4.739941291511058467e-03
3.455705210566520705e-03
5.915600661188363633e-03
5.289690931327641413e-03
4.477130773011595011e-03
3.496171975508332273e-03
2.579698948189616294e-03
2.063821476884186192e-03
2.073825640603899848e-03
2.585506474599242287e-03
2.892442580312490612e-03
3.873228024691343415e-03
4.305250238045118388e-03
3.984114157035947151e-03
4.233269315212964679e-03
4.313155539333820600e-03
5.125091795809566704e-03
4.672681212425231628e-03
3.937089401297270974e-03
3.647577134892344627e-03
2.801667200401425362e-03
2.021904219873249531e-03
2.591237616725266049e-03
3.221914987778291221e-03
4.031482195481658065e-03
4.520213943294947717e-03
4.252875687554478340e-03
4.735237788408994987e-03
4.227707847952842310e-03
3.650198914110660761e-03
3.095669470727443681e-03
2.247980784624814890e-03
2.355050189420580808e-03
