0.000000000000000000e+00
1.460145166585547535e-04
1.832701911206183535e-04
2.093956090009070192e-04
2.494946310082665872e-04
3.035826176670588790e-04
3.562192474219361420e-04
3.875162819895194843e-04
4.526268006400831212e-04
5.126324647085706227e-04
6.031757110224785900e-04
6.822195684298741018e-04
7.735447646423197635e-04
8.350654095005866128e-04
9.456174428365462376e-04
1.044903156975323820e-03
1.163973534931687709e-03
1.296028673116890201e-03
1.469705537591325375e-03
1.622261794360867291e-03
1.818321595232391284e-03
1.959795702411658638e-03
2.135856521265908255e-03
2.233508985711334105e-03
2.364488153192187761e-03
2.468196735954560940e-03
2.567571383692166843e-03
2.650193401441251241e-03
2.768520146205945796e-03
2.855535679210160528e-03
2.962347135061163799e-03
3.005887413612092982e-03
3.157258593538544728e-03
3.371000839146648300e-03
3.544562076005783064e-03
3.671216150285471717e-03
3.796951436741153891e-03
3.877974442351674132e-03
4.018714477767699154e-03
4.105721035520707579e-03
4.166723848330637289e-03
4.236736860958323359e-03
4.297646215943231630e-03
4.387740362731664366e-03
4.550381903260720604e-03
4.660363333731098144e-03
4.655582439931610361e-03
4.673672741963030321e-03
4.753989534253372576e-03
4.838399263452119667e-03
4.899149750005400011e-03
5.001717387288781916e-03
5.061901275045305702e-03
5.115231542815750279e-03
5.117768265083708426e-03
5.168878651707570736e-03
5.258182589123846194e-03
5.489035525634774169e-03
5.708561314460337127e-03
5.887837961334277739e-03
5.996694647696278017e-03
6.149850817275438405e-03
6.273263237187423624e-03
6.372993668548714193e-03
6.472988214059140905e-03
6.515160791112938922e-03
6.591059910833319165e-03
6.655209709054418950e-03
6.697613289182725339e-03
6.690998256342442149e-03
6.717138280812785453e-03
6.682787338427182040e-03
6.701299579675454310e-03
6.657819937062691915e-03
6.650452044149161163e-03
6.598538983743799241e-03
6.566559390004756379e-03
6.484479005054861502e-03
6.455750332309492974e-03
6.429447319575267751e-03
6.435364541144115470e-03
6.471816894401139116e-03
6.520548256264186229e-03
6.577717699093685137e-03
6.633116664231022280e-03
6.677980241675274438e-03
6.764450891840411394e-03
6.834253095792918939e-03
6.904576739953760534e-03
6.998657480146698584e-03
7.089644092615596596e-03
7.182158475420087965e-03
7.310356146883424319e-03
7.424204585053608210e-03
7.547303162884597301e-03
7.657604125487171148e-03
7.725144578416487211e-03
7.763895831212826691e-03
7.822797682578406381e-03
7.841183141442864199e-03
7.849521186109228651e-03
7.870500093488146803e-03
7.869341926658633690e-03
7.851014688997624488e-03
7.849911466372774815e-03
7.826548020255811797e-03
7.848030300925330424e-03
7.887952164709810185e-03
7.899319159240136834e-03
7.942150232128174572e-03
8.041741197418711407e-03
8.147327763427485506e-03
8.223494240691794216e-03
8.291467466570619227e-03
8.367387320330861231e-03
8.470308873062210378e-03
8.525131137219305391e-03
8.585996962673262539e-03
8.554018834471901339e-03
8.533556121462051655e-03
8.519693336488592256e-03
8.507766734810028736e-03
8.481309095106890489e-03
8.447849339936090024e-03
8.535542712423066850e-03
