CLUSTEROFFSETS 43
11
24
34
45
58
69
87
108
128
147
169
186
195
212
232
253
273
295
319
338
357
368
390
409
428
448
472
494
518
530
548
581
598
623
634
653
676
692
709
736
759
780
792
CLUSTERINDICES 792
335
321
320
334
345
319
333
344
318
332
343
333
344
318
332
343
317
331
342
316
330
341
329
340
327
326
309
325
339
308
338
324
307
323
338
324
307
337
323
306
322
336
305
335
321
299
316
330
341
298
315
329
340
297
328
314
313
296
276
295
275
294
312
311
274
293
310
292
327
322
336
305
268
287
267
286
304
335
321
266
285
303
320
334
284
302
319
285
303
320
265
284
302
319
333
264
283
301
318
332
263
282
300
317
331
281
299
316
274
293
273
253
310
292
327
272
252
326
291
309
325
251
308
271
290
307
270
289
308
271
290
324
307
250
270
289
323
306
249
269
288
322
248
305
268
287
286
263
282
242
262
281
299
316
220
241
261
280
298
315
260
240
279
297
314
259
278
313
296
260
240
279
297
218
259
239
278
313
296
217
277
258
238
257
237
236
256
235
276
213
295
275
294
255
234
275
255
234
212
254
274
233
293
211
232
273
253
292
210
231
272
252
228
249
205
227
248
268
287
226
247
267
204
286
246
266
225
285
203
245
265
224
246
266
225
245
265
224
284
202
244
223
264
283
201
222
200
243
263
282
221
242
262
232
253
210
231
272
252
209
186
208
230
185
251
271
207
184
229
250
270
228
249
221
175
220
198
241
261
152
174
260
197
240
219
279
218
173
259
196
239
195
217
258
238
218
173
196
239
195
150
217
172
258
238
171
194
149
216
257
237
170
193
215
236
169
214
192
191
208
185
207
184
229
162
250
206
183
228
161
249
182
205
227
160
248
226
204
223
201
178
222
200
243
177
155
221
242
199
176
154
175
220
153
198
241
197
235
213
190
234
212
189
167
145
211
166
188
212
189
167
145
233
144
211
166
188
232
210
143
165
187
231
209
186
164
142
208
185
163
183
161
182
205
227
160
138
226
137
204
159
181
225
136
203
158
180
202
179
171
194
149
148
170
126
193
215
125
147
103
169
214
192
124
102
146
168
191
137
159
114
136
158
180
202
113
135
179
157
201
178
112
134
156
200
177
155
133
175
109
131
153
108
130
152
174
197
85
107
129
151
218
173
196
106
128
195
150
172
171
127
149
121
143
165
186
164
142
120
98
185
163
97
141
119
184
162
96
140
118
95
117
161
139
90
112
134
156
68
177
89
155
133
111
67
88
176
110
132
154
175
87
109
131
153
108
130
152
167
145
123
101
122
144
100
166
79
121
143
99
96
140
118
74
95
117
161
139
73
94
116
160
138
72
93
115
137
159
85
64
107
129
63
84
106
128
150
172
44
62
83
105
171
127
149
43
61
82
148
170
126
104
42
60
81
125
147
103
80
124
102
72
54
93
115
137
53
71
92
114
136
52
70
91
113
135
90
112
67
49
88
110
66
48
87
109
131
65
86
47
108
130
152
85
64
46
107
129
45
63
84
106
128
101
100
79
121
99
78
98
77
59
58
76
98
77
59
97
119
58
76
57
41
75
96
118
40
56
74
95
117
73
94
53
71
36
52
70
91
113
22
69
51
35
90
112
50
68
34
89
111
67
49
33
88
110
57
41
40
56
74
95
73
39
55
94
26
72
54
38
93
25
54
38
25
53
37
24
71
14
13
23
36
52
70
12
22
51
35
50
21
68
34
20
67
10
49
33
66
48
19
87
9
32
65
18
47
31
8
17
30
64
46
7
29
16
47
31
17
30
64
46
29
6
16
45
63
84
15
28
44
62
83
27
43
61
82
42
60
13
23
36
12
5
22
51
35
11
4
50
21
34
20
10
33
3
19
9
2
1
10
3
19
9
2
18
8
1
17
7
0
6
