0.000000000000000000e+00
6.917214788658404947e-05
1.249623399772467136e-04
2.244968590662472022e-04
4.001976265227449024e-04
5.939968973873236942e-04
7.378121941844161761e-04
8.547314540208745658e-04
1.066254375807890219e-03
1.262794698865538166e-03
1.468088340359450898e-03
1.673740504079380617e-03
1.876203018112172251e-03
2.108910279882062703e-03
2.378343721338542494e-03
2.645011404251556772e-03
2.854621639320006118e-03
3.073711532772580197e-03
3.222178129237426338e-03
3.384189401683330815e-03
3.543483307018097193e-03
3.694772367243890493e-03
3.764634392787595193e-03
3.893373384027194479e-03
4.020665935821926551e-03
4.156618642454482787e-03
4.338143714083072221e-03
4.465289101982757199e-03
4.641753943046908124e-03
4.844480981794721010e-03
5.033208244452092202e-03
5.218542000394577225e-03
5.424319516946682004e-03
5.582317847036956902e-03
5.778576359502374596e-03
5.904156901803732198e-03
6.079718179451488839e-03
6.190022593623377770e-03
6.318698010075203021e-03
6.453577195347391313e-03
6.622831764930040346e-03
6.714532991313247254e-03
6.787128669568391094e-03
6.904404334745359306e-03
7.037647044581853140e-03
7.117626202043852296e-03
7.233055111424912219e-03
7.310018915851632972e-03
7.378259868911017649e-03
7.481524428244326966e-03
7.564748963541832738e-03
7.639164013564640233e-03
7.717374421357734229e-03
7.838145617647203703e-03
7.945363032805529552e-03
8.048164673803920657e-03
8.164718198682309816e-03
8.303388749314846370e-03
8.399532689551030343e-03
8.469885201949422376e-03
8.551437402881370900e-03
8.616823569908952513e-03
8.635948872094673448e-03
8.612283908938667479e-03
8.575601683730183986e-03
8.507789164562790454e-03
8.446887466352668433e-03
8.330179593407404867e-03
8.229507924980502404e-03
8.152233897514330266e-03
8.131202374845570083e-03
8.097487461447765850e-03
8.107520648092298582e-03
8.088232688277949278e-03
8.108000818224511339e-03
8.095979052023753036e-03
8.124317119470744752e-03
8.124654979147979961e-03
8.156862665883040514e-03
8.191719744722466071e-03
8.233653800628929972e-03
8.265203087883010377e-03
8.328199603453668651e-03
8.398215432789166157e-03
8.466231073945326702e-03
8.536126927674036330e-03
8.593694930300705206e-03
8.693047431148735391e-03
8.817750283798948818e-03
8.895040843244401280e-03
9.013967222090704667e-03
9.135967226301409949e-03
9.209260469827408244e-03
9.309570920787785947e-03
9.411028927336273844e-03
9.466520248177654612e-03
9.535709820310090540e-03
9.580306326699490616e-03
9.613687431873973316e-03
9.685002848433715492e-03
9.750731103975278369e-03
9.861346350694423155e-03
9.941877192087021642e-03
1.007430393447170808e-02
1.019769225901142641e-02
1.035097150209670323e-02
1.052731972628663873e-02
1.071196125974830521e-02
1.086481934698999702e-02
1.102516714543045305e-02
1.115402154575621287e-02
1.118124519416596740e-02
1.116513572589777903e-02
1.115123709615576872e-02
1.116032985219030799e-02
1.114372898213667092e-02
1.112188855801634138e-02
1.110008160514093338e-02
