1.061350062994633608e-02
9.362178112743264891e-03
9.389091077876292671e-03
8.827375019190170438e-03
8.420779030391220554e-03
8.375754785108364617e-03
8.573396194536807291e-03
1.011481399695246877e-02
9.325514594882221633e-03
8.966236170065604652e-03
9.190457699409985623e-03
8.756884626286515205e-03
8.674568109908851674e-03
8.906806282446546805e-03
1.134346963411544257e-02
1.165676205340078313e-02
1.104421162054384717e-02
1.079010521456346718e-02
1.043291571471145589e-02
9.895578516110524470e-03
9.385853847962314506e-03
8.584967261906398250e-03
8.116870447677575554e-03
8.472605442659835243e-03
1.053414661910826930e-02
1.188235677052604938e-02
1.315838836480752970e-02
1.128133600064695416e-02
9.327571098179698525e-03
7.968918372525722257e-03
6.734108636195187611e-03
1.060587548161462217e-02
1.030577753938860877e-02
9.891642699554815954e-03
9.359701015686585496e-03
8.750621497757354525e-03
7.759111807129140392e-03
8.089778566006886051e-03
1.079737206810485461e-02
1.379014366953554803e-02
1.394927361980080605e-02
1.219837508219594191e-02
9.473145521103830749e-03
6.688907540376668771e-03
6.424953284973310315e-03
7.244180193391896484e-03
6.064047555486529531e-03
1.035462477702205411e-02
1.008546557593143628e-02
1.001780387014150620e-02
9.757186333506794387e-03
8.972771339497323528e-03
8.692855583661692961e-03
8.085954113531921075e-03
1.096916119015570353e-02
1.201965010693391463e-02
1.526519924133889691e-02
1.543747417833971763e-02
1.318310563436756767e-02
8.662533905885923605e-03
7.562972856557264624e-03
7.156645309898244760e-03
5.891520273477091584e-03
5.795820308375661950e-03
5.872484612262854863e-03
9.363723666233531029e-03
9.446557611227035522e-03
9.362532315239056879e-03
9.323425401570432924e-03
8.491288033961239684e-03
7.891826236904677522e-03
7.645010593015763925e-03
1.172003686680632081e-02
1.280921977407977787e-02
1.518005474817828680e-02
1.495831204238900168e-02
1.239298784047744052e-02
8.477509624553623488e-03
7.845471384471393653e-03
8.569559183019071283e-03
6.383138787695917180e-03
6.146844223899356786e-03
5.442292366366265066e-03
4.678413784920664245e-03
3.686623426817231281e-03
6.810464280641684819e-03
7.614859206191563687e-03
7.563967889143249045e-03
7.416655625200877476e-03
7.000130980070364516e-03
7.238661807219860800e-03
6.764113019078464920e-03
7.127075842818466136e-03
1.175129333100581597e-02
1.167512136527289711e-02
1.468518427257441833e-02
1.389293548635254540e-02
1.032322887785069691e-02
9.040704850399455816e-03
1.027271437401472941e-02
1.063141432271133731e-02
7.798989765125058891e-03
7.253983492126404170e-03
5.241988684540077777e-03
4.552643959236852590e-03
3.671024089394989837e-03
3.297608282606480368e-03
5.638393526107577866e-03
5.550908777168241451e-03
6.427972624867649490e-03
6.576491677660053353e-03
5.339485024875503284e-03
4.547530595781439089e-03
4.242443542738082163e-03
6.700865861217854269e-03
1.258397536052359433e-02
1.078215912497460308e-02
1.410633554757114924e-02
1.327361551732992966e-02
9.803030106152202383e-03
1.119820793431599432e-02
1.242381869174019084e-02
1.309601738614866832e-02
9.522038148873942717e-03
8.110204064366171445e-03
5.527887524942220326e-03
4.496164604137509527e-03
3.546295308713185747e-03
3.485818709231029277e-03
4.900079078467215257e-03
5.047114076629533562e-03
6.598474521000506632e-03
6.319449851447242993e-03
4.985890240739967658e-03
3.728916410798743634e-03
4.193906593373266170e-03
4.145591756549931763e-03
1.315182128573878263e-02
1.115311429070277305e-02
1.277127777279543977e-02
1.335352308105014311e-02
1.096643362380761606e-02
1.086388488785537329e-02
1.164942356004079749e-02
1.276198048386288642e-02
8.986107014530038753e-03
7.904483068544986002e-03
6.367351031088728207e-03
5.570792861409106130e-03
3.878796378434714448e-03
3.814655292968628653e-03
4.821483456229759372e-03
4.799961933266308142e-03
6.166401808544740883e-03
5.756790134108672428e-03
4.524102213524155286e-03
3.881696595857709112e-03
3.718983271490719153e-03
3.516775398057396269e-03
6.818081315417411081e-03
8.308348873377604735e-03
1.019907435126034441e-02
1.107963615849858786e-02
1.133920959669552052e-02
1.114790601817638484e-02
1.066319702313502614e-02
1.176200584992884851e-02
8.571510412335649198e-03
7.962250403302201240e-03
6.800879795356827399e-03
5.451252739245103680e-03
4.636551348208371032e-03
3.897767277213476465e-03
3.585832966965134001e-03
4.498349707889355217e-03
4.210275850432403620e-03
4.285562183644811736e-03
4.955432614532567261e-03
4.377829542351981650e-03
4.039838704896174873e-03
3.672465682029724121e-03
3.993369275861877697e-03
5.620099406815686101e-03
7.924911755500203825e-03
7.125148719366071470e-03
9.327376129153042497e-03
1.002118222798236563e-02
9.265522527808354308e-03
9.567479476711507336e-03
7.888953449101961113e-03
7.830457059445522158e-03
7.018143879407543438e-03
6.416924795041144963e-03
6.134268606744579938e-03
5.263650095311261413e-03
4.234939908324662078e-03
3.498577291808896168e-03
4.268378271894939478e-03
3.320113992539502814e-03
2.768448222491700587e-03
3.424357543936220119e-03
4.146274684344307924e-03
3.771365304493297810e-03
3.680882391409348846e-03
4.580868376513658885e-03
5.325984856966188737e-03
6.380984835894935869e-03
6.554224263971387271e-03
6.076418873617204716e-03
6.108604306680687039e-03
6.290671628726236288e-03
6.657134773114980336e-03
6.835958166679335750e-03
7.260213941493529576e-03
7.103983506213052725e-03
6.916832005194687924e-03
6.909055887895114954e-03
6.208736402124671525e-03
4.111620802748001610e-03
4.134525308164500000e-03
2.685655050484810676e-03
2.142346353601600958e-03
2.545909261551953986e-03
3.278218541231195989e-03
3.134521545242454840e-03
2.786154290503364307e-03
4.686897178575144020e-03
5.317030963882551399e-03
5.689874686048192361e-03
5.815290719649549023e-03
5.475222736881193292e-03
4.619310701747377824e-03
5.696643535560786190e-03
7.630625092010092508e-03
8.047714938954213942e-03
8.182704551303284987e-03
7.389713836423420987e-03
7.044516937901913051e-03
7.080667857396400963e-03
6.237413102792480936e-03
4.315479011353799514e-03
4.316102950123406647e-03
2.338046215916589170e-03
2.181432778173584240e-03
2.342476106990697138e-03
2.286114651015249202e-03
2.206558977269520039e-03
1.903365926532927166e-03
5.214855295874305102e-03
5.312827289483304516e-03
4.633876068864838625e-03
3.544749273776503021e-03
3.626931107492517830e-03
5.366599764398662098e-03
8.230355762584545820e-03
8.712928609969883623e-03
8.426138274845177550e-03
7.355708175070457128e-03
7.142534960945278941e-03
6.559651826460987864e-03
5.920459090147988344e-03
4.717246360950551158e-03
4.824909476279202331e-03
1.988560127062817626e-03
2.029067126371092693e-03
1.930466521594484007e-03
2.441925841178429167e-03
3.451922553259942697e-03
2.732298881510051777e-03
3.421375409589480759e-03
3.556843499763537048e-03
3.511156598737431682e-03
3.881542750050203348e-03
5.351835210665555412e-03
8.332638728029835920e-03
8.080894065334192841e-03
7.410979328550777560e-03
6.417134362351843528e-03
6.334280674109014561e-03
6.309037428286115752e-03
5.855805706232786179e-03
5.284836831486830998e-03
5.399115415195287343e-03
1.796765095096523402e-03
2.195605755609981048e-03
3.238863445881564555e-03
4.364486258887386241e-03
4.251722498970516260e-03
3.284078036135030902e-03
3.602672407750861193e-03
3.828139821761998227e-03
4.357947660136526208e-03
5.675006202043239578e-03
7.869589837047002642e-03
7.233386360586352946e-03
6.711950016571051336e-03
5.723880856471546229e-03
5.417859410646103623e-03
5.075978762391260453e-03
5.526546728244777218e-03
5.879745234624813958e-03
4.415518418743701393e-03
5.108312344557400242e-03
5.020238638666095488e-03
4.627465945273890290e-03
3.610157751146767305e-03
4.010439996402394812e-03
4.222313411754823921e-03
4.657425006093867358e-03
5.952775533610986554e-03
7.433451504951690478e-03
6.674587901462643302e-03
6.642253528806870561e-03
6.139672053504293542e-03
6.079369327211279171e-03
5.834408139936246747e-03
5.613109100831009148e-03
5.862607154995203018e-03
5.682935142076684688e-03
5.398999923303470817e-03
4.806418398047907804e-03
3.733528108075576980e-03
4.427113560407217041e-03
4.629598466789949969e-03
4.674965655825779644e-03
6.451248078828014133e-03
6.673382141112381601e-03
7.079581791235102332e-03
7.124857047683228091e-03
6.984039034173524299e-03
6.876088497307845764e-03
5.387629326447741784e-03
5.104100153094820978e-03
4.789922703836917844e-03
4.579260582262176769e-03
4.744441939569157135e-03
4.838229854042657221e-03
4.718781084362890822e-03
4.715966177666243951e-03
5.506851483961188072e-03
6.359068021746509813e-03
7.497918270296472822e-03
4.844757410602928277e-03
5.378804343231654086e-03
5.826463409841565674e-03
5.296014395337235968e-03
5.110001177684861916e-03
5.128247546963393688e-03
