1.061350062994633608e-02
9.362178112743264891e-03
9.389091077876292671e-03
8.827375019190170438e-03
8.420779030391220554e-03
8.375754785108364617e-03
8.573396194536807291e-03
1.011481399695246877e-02
9.325514594882221633e-03
8.351750987566124163e-03
8.727895853630566678e-03
8.801012584087202634e-03
8.395211589601585950e-03
8.733501160612045650e-03
1.071400011858066222e-02
1.165676205340078313e-02
1.104421162054384717e-02
1.079010521456346718e-02
9.764168774551254884e-03
9.021212994042088901e-03
8.587537491220539193e-03
7.989806296714281955e-03
8.070448705516123852e-03
8.712318291792930242e-03
1.078876260652254261e-02
1.143153074544744040e-02
1.138215064528887502e-02
1.031890267139237531e-02
9.327571098179698525e-03
7.968917279158939729e-03
6.734108636195187611e-03
1.060587548161462217e-02
9.619601291872687671e-03
9.219024788146302704e-03
7.776979372789294062e-03
7.374766803646491849e-03
7.581153253124931803e-03
7.966517013008310791e-03
9.183656155936798307e-03
1.171637817791078978e-02
1.188469978870224097e-02
1.052180671634278877e-02
8.181390657397461311e-03
6.283056325258458592e-03
5.128026380543044931e-03
7.244180193391896484e-03
6.064047555486529531e-03
1.035462477702205411e-02
9.313103695542125290e-03
9.034898368862726362e-03
8.805114397052990483e-03
7.197252695717044207e-03
6.859214976429939270e-03
6.848506408475212720e-03
8.758917237805613487e-03
9.904101869817508175e-03
1.253984034677051856e-02
1.265338548830063220e-02
9.348401493961149000e-03
6.352259873923593071e-03
5.184736447255876984e-03
4.501834736694976420e-03
3.865072831227365363e-03
4.247795206384133264e-03
5.872484612262854863e-03
9.363723666233531029e-03
8.609551083991083195e-03
8.732814199717367845e-03
8.519313266595541362e-03
7.402584114569728951e-03
5.998034377471875116e-03
5.395205004803709653e-03
9.002256964854264340e-03
8.987562738800957199e-03
1.153630727381145527e-02
1.042744798301640206e-02
7.848861229939434192e-03
4.722850738212632307e-03
4.384292683996244763e-03
4.471103145772496214e-03
3.706153726868205173e-03
3.983969697570901615e-03
2.878518688287270109e-03
4.678413784920664245e-03
3.686623426817231281e-03
6.810464280641684819e-03
7.166132836018578554e-03
6.804688439025717399e-03
6.526939618259163314e-03
6.234497542224697736e-03
6.148446067157438584e-03
5.686483314355551127e-03
5.915030229331577974e-03
9.063215137033139510e-03
9.033744533198996909e-03
9.424758023361406653e-03
8.349105452337317670e-03
5.191181156309755511e-03
4.147763624964913645e-03
5.027049326661469156e-03
5.976408210946089483e-03
4.372392785025097130e-03
4.118717607047597991e-03
1.877435609319452530e-03
2.151219750423047708e-03
2.155167382147352758e-03
3.297608282606480368e-03
5.638393526107577866e-03
5.033307850865994734e-03
5.614526411992008109e-03
5.979145861278145971e-03
4.460150107615075236e-03
4.181120970870478605e-03
3.099104910457538449e-03
5.308569456308575088e-03
9.743559075582582454e-03
8.553868802895738671e-03
3.083722689583645073e-03
4.037839222908556729e-03
4.604720576026011258e-03
5.677739351085620001e-03
6.225299387598031038e-03
8.073824186517336576e-03
5.079263256925900354e-03
4.169972581883608226e-03
1.484843120926012490e-03
1.616852476372052051e-03
1.599554588102688286e-03
3.485818709231029277e-03
4.900079078467215257e-03
4.427560668249251596e-03
5.976484820120415813e-03
5.492252755468174548e-03
4.097029329987906220e-03
2.786340160390077952e-03
3.151333859285055522e-03
2.501247876907809232e-03
8.573407244126675375e-03
7.940706471375867659e-03
7.173672548329489314e-03
1.896053313877496668e-03
5.239491087966105520e-03
4.908604236180061191e-03
5.383090343426467049e-03
7.100289072387583854e-03
4.370825850578435000e-03
3.332222843447984334e-03
2.216305110161587329e-03
2.183774943952843280e-03
1.613701125449043235e-03
3.814655292968628653e-03
4.821483456229759372e-03
4.762383241016986124e-03
5.626012350164227155e-03
5.196752152958158955e-03
3.979873843491077423e-03
2.879139904122231253e-03
2.636901986927299088e-03
2.204074413847114874e-03
4.949189027992345093e-03
5.616476333116070772e-03
7.540168388651968118e-03
6.164076180647174406e-03
6.509804852859076008e-03
5.796609215425540564e-03
5.488459129129157239e-03
5.554534165362306174e-03
3.035209220597299626e-03
2.840468281153905351e-03
2.103532277742179921e-03
1.746111131131143981e-03
1.656594307367074232e-03
2.541490672629768705e-03
3.585832966965134001e-03
4.498349707889355217e-03
3.816230175227431839e-03
3.574934961684679471e-03
4.256363168863927168e-03
3.646835053371170945e-03
3.026869716280597943e-03
2.644212663931361663e-03
2.937462528125714661e-03
3.788562712527937786e-03
7.229991154587369663e-03
4.541788992108934664e-03
5.822629362474969483e-03
5.465753076566478262e-03
4.205749959140321799e-03
5.603468770721643094e-03
3.068585583142999576e-03
2.890825094023751103e-03
2.828938776027347876e-03
2.202631211129285529e-03
1.970350055687003239e-03
2.529773798029301413e-03
2.691621765873189898e-03
3.498577291808896168e-03
4.268378271894939478e-03
2.890390265038457820e-03
2.285808230103072297e-03
2.700303728550167495e-03
3.096273279417369531e-03
3.052417646651550860e-03
2.466716487907757039e-03
3.486902342509414984e-03
3.800257574766874313e-03
4.981226635055016443e-03
4.456439426452931535e-03
3.795520451819618755e-03
3.469212380261555047e-03
2.512168218761532713e-03
2.644064098865906570e-03
2.772948891121767862e-03
3.575420180746054135e-03
3.748716044602757713e-03
3.569980325587725125e-03
2.863284042578632688e-03
3.498492273107423577e-03
3.577923275909181567e-03
4.134525308164500000e-03
2.685655050484810676e-03
1.627080331919556876e-03
1.986348275410926897e-03
2.424823167591782028e-03
2.634967061675201182e-03
2.273266756180989702e-03
3.715419431485361950e-03
4.414095606465461008e-03
6.328736684458740290e-03
6.119908867561716335e-03
4.726983149046615033e-03
2.246755591378610598e-03
2.154272389538996590e-03
3.785404418368224205e-03
4.265372451963060640e-03
4.748637732749773181e-03
4.323168784001116260e-03
4.049715893816644569e-03
3.907277280370057698e-03
3.785741041903778643e-03
3.839826274473788492e-03
4.316102950123406647e-03
2.338046215916589170e-03
1.841945542117296580e-03
1.840487327742374498e-03
1.871371910102286647e-03
1.324102661367190141e-03
1.240300156681214397e-03
5.607568161656795863e-03
6.073522381484508514e-03
5.302167568608360908e-03
3.452983396759225047e-03
2.459377230942185952e-03
2.829507713243601969e-03
5.252157013998485016e-03
5.598308007978692116e-03
5.898472115050180410e-03
4.684464311448193787e-03
3.979947788924988877e-03
3.913218684305073969e-03
3.733075602706205885e-03
4.271836035837561427e-03
4.824909476279202331e-03
1.988560127062817626e-03
1.663745096805742136e-03
1.398693920128931496e-03
1.594346229744664657e-03
2.694514264368404622e-03
1.332997549640930254e-03
2.713057480878749202e-03
2.847528416600267950e-03
2.881909215475542997e-03
3.142391335440136626e-03
2.936418516259498360e-03
6.035351476107202705e-03
5.543867454635200212e-03
5.457990112225130468e-03
5.007152694230109988e-03
3.633693136843079308e-03
3.535223264499741218e-03
3.953159991967476403e-03
4.785774394048977927e-03
5.399115415195287343e-03
1.796765095096523402e-03
2.195605755609981048e-03
2.612252703915208044e-03
3.080796564818691612e-03
2.481124387517318931e-03
1.473139213808512390e-03
2.079685076566065941e-03
2.375159696754762777e-03
2.913862360262517003e-03
3.472621460401816018e-03
5.844261505460007083e-03
5.209270493034668000e-03
4.854866848090442707e-03
5.059003577394000951e-03
3.998881063850249010e-03
3.750001506532652830e-03
4.221858535656484654e-03
5.879745234624813958e-03
4.415518418743701393e-03
4.553479016206021801e-03
4.295277770340315965e-03
3.765766279992915824e-03
1.830902108449046972e-03
2.790038406817337089e-03
2.681084071933213103e-03
2.960400762415286036e-03
4.080189899067884068e-03
6.119879493904221285e-03
5.622098311906190832e-03
5.400258499213447284e-03
5.127436114411990271e-03
5.430024902541506250e-03
5.834408139936246747e-03
5.613109100831009148e-03
5.862607154995203018e-03
5.682935142076684688e-03
4.670477781535552556e-03
4.085952935985021593e-03
2.614763036559698828e-03
3.621346632934222941e-03
3.934170543689722438e-03
3.712149029124086046e-03
6.078991348365858464e-03
6.333566325769948886e-03
6.649085839468417414e-03
7.124857047683228091e-03
6.984039034173524299e-03
6.876088497307845764e-03
5.387629326447741784e-03
4.904633232415061411e-03
4.391376026541041720e-03
4.131061316988730511e-03
4.339911162525699612e-03
4.597359552971577029e-03
4.378365262478621685e-03
4.715966177666243951e-03
5.506851483961188072e-03
6.359068021746509813e-03
7.497918270296472822e-03
4.844757410602928277e-03
5.378804343231654086e-03
5.826463409841565674e-03
5.296014395337235968e-03
5.110001177684861916e-03
5.128247546963393688e-03
