0.000000000000000000e+00
1.578628773926141703e-04
1.903599362797638950e-04
2.185585976333421642e-04
2.441056729304395562e-04
3.060477186294122630e-04
3.293084716053021181e-04
3.645603504699612045e-04
4.152617107085942376e-04
4.725282186014716679e-04
5.393452633477696916e-04
5.996741558359561372e-04
6.684325845348755265e-04
7.562448047364100966e-04
9.062638007304778340e-04
1.073286992950356821e-03
1.234250907731328142e-03
1.398798306738548332e-03
1.531151041866717685e-03
1.676696956063347720e-03
1.833292132112379668e-03
2.008093038025906066e-03
2.104950365834553586e-03
2.245886003257855246e-03
2.407951403078730304e-03
2.558484344921578470e-03
2.717785524656319163e-03
2.891597733515095109e-03
3.069929979877391354e-03
3.271309546567633623e-03
3.459478987647814432e-03
3.690195696487963938e-03
3.948674775842689680e-03
4.112253647209640657e-03
4.289557871346203789e-03
4.436697935185899937e-03
4.558901070898476078e-03
4.648329823365870798e-03
4.752167675220313539e-03
4.843768848237734424e-03
4.964196614435359943e-03
5.031049334937197880e-03
5.049051551834744279e-03
5.036770196359914749e-03
5.034534267321143751e-03
5.039329468704166134e-03
5.086015836648835435e-03
5.158257507284214928e-03
5.204503577344398065e-03
5.246890803391579539e-03
5.290570534563666417e-03
5.353491960411848292e-03
5.453730115617475178e-03
5.579266569713644576e-03
5.694578319283512442e-03
5.781349912519973509e-03
5.779152875230915594e-03
5.814443677918043618e-03
5.841423306766705022e-03
5.929442537224573033e-03
5.997691481543474673e-03
6.061703853353312375e-03
6.160695773673821943e-03
6.223160999990336346e-03
6.268544863720810177e-03
6.310471279119093078e-03
6.326524611868916681e-03
6.337265884296315772e-03
6.354027079448743530e-03
6.384217949890552690e-03
6.463113711116870615e-03
6.508023589780894194e-03
6.557694163431691987e-03
6.593615756016866884e-03
6.614059855878465580e-03
6.651577149934654633e-03
6.675616815624673371e-03
6.686541472793149955e-03
6.744752467935101817e-03
6.790243817798407612e-03
6.826295858100538128e-03
6.869167768468026000e-03
6.932126442201291469e-03
6.981741622941376076e-03
7.030772298407853352e-03
7.052093008402655037e-03
7.061352781033486056e-03
7.112268133959719768e-03
7.140148778092423633e-03
7.157304994517739612e-03
7.214119050227106936e-03
7.263304999270630592e-03
7.315777841195712783e-03
7.371680895891910383e-03
7.416783559499723170e-03
7.462940179146076818e-03
7.511660852862572964e-03
7.553567446586970276e-03
7.625530056983912536e-03
7.685689046683229220e-03
7.760268034485045749e-03
7.852125296957293554e-03
7.945333519012496779e-03
8.020574143260112907e-03
8.173755448359739523e-03
8.328472774933445497e-03
8.464701110416830016e-03
8.599142499981265314e-03
8.699202326818198869e-03
8.834782394717029252e-03
8.972455422767309716e-03
8.995689993962410064e-03
9.014184864026483779e-03
9.043966231990776053e-03
9.074592942622189753e-03
9.091672169254697358e-03
9.082581089868414087e-03
9.125101938877179172e-03
