-3.286089999999999844e-02 3.623100000000000192e-03 1.938898000000000010e-01
-3.306080000000000130e-02 3.535200000000000061e-03 1.940858000000000028e-01
-3.263699999999999934e-02 3.297099999999999857e-03 1.935832000000000108e-01
-3.339770000000000238e-02 2.648100000000000020e-03 1.937342999999999982e-01
-3.445020000000000027e-02 1.698599999999999980e-03 1.934191000000000105e-01
-3.521690000000000237e-02 5.178999999999999576e-04 1.921565000000000079e-01
-3.581000000000000155e-02 -3.993000000000000022e-04 1.914764999999999939e-01
-3.696510000000000074e-02 3.915999999999999776e-04 1.912115000000000065e-01
-3.773180000000000284e-02 -4.847000000000000180e-04 1.899698999999999971e-01
-3.811609999999999998e-02 -4.350000000000000026e-04 1.893224000000000018e-01
-3.896519999999999845e-02 -1.623600000000000000e-03 1.888420000000000099e-01
-3.975850000000000217e-02 -1.927499999999999960e-03 1.884435999999999889e-01
-4.031049999999999911e-02 -2.956999999999999993e-03 1.877340999999999871e-01
-4.072520000000000306e-02 -2.730499999999999854e-03 1.869120999999999977e-01
-4.125659999999999744e-02 -3.601700000000000214e-03 1.862192000000000014e-01
-4.180699999999999694e-02 -3.987400000000000319e-03 1.858659000000000006e-01
-4.250280000000000030e-02 -4.819399999999999726e-03 1.848209000000000102e-01
-4.266749999999999710e-02 -5.009099999999999837e-03 1.845844000000000096e-01
-4.192989999999999912e-02 -6.169899999999999864e-03 1.850383999999999918e-01
-4.152229999999999810e-02 -6.147900000000000413e-03 1.852235999999999883e-01
-4.120830000000000326e-02 -7.350999999999999895e-03 1.865861000000000047e-01
-4.087539999999999923e-02 -7.333000000000000108e-03 1.871968999999999994e-01
-4.016240000000000088e-02 -8.160300000000000539e-03 1.872851000000000099e-01
-3.985810000000000047e-02 -8.626899999999999846e-03 1.877260000000000040e-01
-3.919199999999999767e-02 -8.818599999999999356e-03 1.883524000000000032e-01
-3.843989999999999907e-02 -9.304800000000000224e-03 1.883326999999999918e-01
-3.823290000000000022e-02 -9.605100000000000096e-03 1.893352000000000090e-01
-3.729330000000000145e-02 -1.039379999999999991e-02 1.894637000000000127e-01
-3.719480000000000008e-02 -1.036579999999999967e-02 1.902472000000000052e-01
-3.697729999999999767e-02 -1.081170000000000048e-02 1.906306999999999863e-01
-3.639049999999999924e-02 -1.112110000000000008e-02 1.908465000000000023e-01
-3.621959999999999763e-02 -1.094819999999999995e-02 1.915463000000000027e-01
-3.587089999999999723e-02 -1.141239999999999963e-02 1.920204000000000077e-01
-3.564509999999999901e-02 -1.180319999999999980e-02 1.932861999999999914e-01
-3.575659999999999950e-02 -1.173620000000000045e-02 1.931092000000000086e-01
-3.432550000000000184e-02 -1.153339999999999921e-02 1.930221000000000020e-01
-3.471919999999999867e-02 -1.249040000000000046e-02 1.941082000000000085e-01
-3.445600000000000052e-02 -1.248200000000000004e-02 1.935956000000000066e-01
-3.408060000000000256e-02 -1.264269999999999977e-02 1.929281999999999941e-01
-3.477689999999999948e-02 -1.264239999999999982e-02 1.929405999999999899e-01
-3.441419999999999896e-02 -1.242799999999999981e-02 1.926103000000000121e-01
-3.444559999999999983e-02 -1.255910000000000012e-02 1.915550000000000030e-01
-3.415440000000000142e-02 -1.282200000000000006e-02 1.903138000000000052e-01
-3.441519999999999996e-02 -1.260340000000000071e-02 1.898689000000000071e-01
-3.455269999999999869e-02 -1.251610000000000049e-02 1.894716999999999929e-01
-3.435089999999999671e-02 -1.271019999999999962e-02 1.884184999999999888e-01
-3.448790000000000189e-02 -1.240780000000000008e-02 1.882186999999999888e-01
-3.420560000000000267e-02 -1.235349999999999990e-02 1.870288999999999979e-01
-3.423679999999999779e-02 -1.244999999999999926e-02 1.859280000000000099e-01
-3.466079999999999856e-02 -1.233899999999999927e-02 1.858859999999999957e-01
-3.448589999999999989e-02 -1.222920000000000083e-02 1.850432999999999939e-01
-3.420669999999999961e-02 -1.213389999999999955e-02 1.837056999999999995e-01
-3.436150000000000315e-02 -1.264589999999999985e-02 1.834961999999999982e-01
-3.470829999999999749e-02 -1.221219999999999944e-02 1.836309999999999887e-01
-3.473890000000000311e-02 -1.196170000000000046e-02 1.826792999999999889e-01
-3.428980000000000222e-02 -1.210529999999999939e-02 1.811485999999999930e-01
-3.487320000000000003e-02 -1.201920000000000072e-02 1.813739000000000046e-01
-3.478110000000000229e-02 -1.187339999999999923e-02 1.810606999999999911e-01
-3.475790000000000129e-02 -1.169360000000000017e-02 1.802947000000000022e-01
-3.470519999999999855e-02 -1.181989999999999950e-02 1.793198000000000014e-01
-3.505799999999999889e-02 -1.153550000000000061e-02 1.796049999999999869e-01
-3.493779999999999802e-02 -1.145449999999999940e-02 1.788762999999999881e-01
-3.475620000000000098e-02 -1.136689999999999923e-02 1.780847000000000124e-01
-3.466149999999999787e-02 -1.143710000000000039e-02 1.772651000000000088e-01
-3.539060000000000122e-02 -1.147150000000000079e-02 1.777281000000000000e-01
-3.515479999999999994e-02 -1.135429999999999946e-02 1.774724000000000024e-01
-3.568989999999999663e-02 -1.149569999999999932e-02 1.784355999999999998e-01
-3.550829999999999959e-02 -1.140550000000000071e-02 1.771098999999999868e-01
-3.633120000000000099e-02 -1.161260000000000070e-02 1.779449999999999921e-01
-3.756000000000000311e-02 -1.160570000000000004e-02 1.793906999999999863e-01
-3.826269999999999671e-02 -1.130250000000000005e-02 1.800812999999999997e-01
-3.889519999999999783e-02 -1.093829999999999976e-02 1.815317999999999932e-01
-3.961920000000000025e-02 -9.908800000000000593e-03 1.814848000000000017e-01
-4.017889999999999656e-02 -9.924600000000000435e-03 1.822677000000000047e-01
-4.093170000000000142e-02 -8.790499999999999703e-03 1.823608999999999924e-01
-4.136940000000000062e-02 -8.927199999999999719e-03 1.828924000000000105e-01
-4.180350000000000038e-02 -8.374299999999999453e-03 1.831039000000000139e-01
-4.203819999999999779e-02 -7.595499999999999821e-03 1.835297999999999929e-01
-4.161549999999999971e-02 -6.718100000000000287e-03 1.830109000000000041e-01
-4.130009999999999931e-02 -6.492799999999999960e-03 1.830189999999999872e-01
-4.107229999999999909e-02 -6.337299999999999704e-03 1.830299999999999983e-01
-4.052039999999999809e-02 -5.687700000000000394e-03 1.818808000000000091e-01
-3.964059999999999806e-02 -5.129500000000000379e-03 1.814474000000000087e-01
-3.941709999999999658e-02 -4.568299999999999965e-03 1.814395000000000036e-01
-3.907889999999999975e-02 -4.308400000000000424e-03 1.806899999999999895e-01
-3.832109999999999683e-02 -3.622199999999999899e-03 1.798828000000000094e-01
-3.848349999999999688e-02 -3.389800000000000105e-03 1.799979999999999913e-01
-3.801929999999999893e-02 -3.076900000000000034e-03 1.792643999999999904e-01
-3.701750000000000179e-02 -2.138500000000000210e-03 1.783492000000000133e-01
-3.727540000000000020e-02 -2.178199999999999928e-03 1.788118999999999958e-01
-3.656650000000000178e-02 -1.790300000000000094e-03 1.785297999999999885e-01
-3.576370000000000243e-02 -9.321000000000000509e-04 1.772018999999999955e-01
-3.582099999999999868e-02 -1.076600000000000040e-03 1.772913999999999879e-01
-3.515340000000000131e-02 -6.727999999999999823e-04 1.771614999999999995e-01
-3.479899999999999660e-02 3.802000000000000258e-04 1.773466999999999960e-01
-3.494490000000000096e-02 -4.720000000000000210e-05 1.779258999999999979e-01
-3.422340000000000104e-02 4.466000000000000135e-04 1.769473000000000018e-01
-3.371400000000000091e-02 1.012099999999999935e-03 1.761979999999999935e-01
-3.365850000000000092e-02 1.137699999999999953e-03 1.765628999999999948e-01
-3.325150000000000328e-02 1.495699999999999981e-03 1.771332999999999935e-01
-3.316249999999999754e-02 1.372799999999999975e-03 1.780570999999999959e-01
-3.256679999999999992e-02 1.960400000000000163e-03 1.788581999999999950e-01
-3.264759999999999884e-02 1.813099999999999998e-03 1.798461000000000087e-01
-3.246299999999999880e-02 2.079800000000000138e-03 1.811683000000000043e-01
-3.264389999999999653e-02 1.970400000000000190e-03 1.823093000000000075e-01
-3.242169999999999774e-02 2.043600000000000017e-03 1.829651999999999945e-01
-3.236710000000000281e-02 1.920999999999999965e-03 1.842718999999999885e-01
-3.216839999999999977e-02 2.150800000000000021e-03 1.855567999999999940e-01
-3.242540000000000006e-02 1.932300000000000077e-03 1.867031000000000107e-01
-3.207519999999999816e-02 2.034199999999999897e-03 1.876356000000000135e-01
-3.215660000000000046e-02 1.938899999999999912e-03 1.884927000000000130e-01
-3.195680000000000048e-02 2.168900000000000081e-03 1.896561999999999970e-01
-3.235439999999999844e-02 1.726600000000000010e-03 1.908644999999999925e-01
-3.223850000000000326e-02 1.820500000000000070e-03 1.923220999999999958e-01
-3.245119999999999949e-02 2.215500000000000021e-03 1.938947000000000032e-01
-3.219129999999999908e-02 2.345199999999999976e-03 1.933014999999999872e-01
-3.210110000000000047e-02 2.230000000000000211e-03 1.931364999999999887e-01
-3.210110000000000047e-02 2.326500000000000009e-03 1.927339999999999887e-01
