CLUSTEROFFSETS 41
11
24
35
47
58
67
87
107
126
141
161
181
197
209
229
250
267
288
309
329
353
374
394
411
430
445
467
496
517
538
558
577
586
604
626
653
671
692
713
741
756
CLUSTERINDICES 756
339
338
324
337
347
323
336
346
322
335
345
336
346
322
335
345
321
334
344
320
333
343
342
332
329
328
313
327
312
341
326
340
311
339
325
320
333
343
304
342
303
332
319
331
318
302
301
316
299
298
315
330
297
314
329
328
313
296
282
300
281
317
280
316
299
298
315
327
295
312
326
275
294
340
311
274
293
339
325
310
273
292
338
309
308
324
291
292
309
272
308
324
291
337
271
307
290
323
336
306
289
270
322
335
305
288
321
306
289
270
305
269
288
249
321
268
248
287
320
304
286
303
247
267
319
302
286
303
247
267
318
302
285
246
266
301
245
284
265
283
264
281
261
239
260
280
316
299
238
259
279
298
315
237
258
278
297
314
257
296
277
258
278
297
236
313
257
296
277
295
312
235
256
276
234
255
275
294
311
274
293
224
245
284
265
201
223
283
244
264
200
222
243
263
221
242
220
262
241
219
282
300
240
218
281
261
239
260
280
235
256
212
234
255
275
294
211
233
254
274
293
232
210
253
273
292
231
252
272
232
253
273
209
231
252
272
291
208
230
251
271
290
207
229
250
289
270
269
228
249
229
250
269
183
206
228
249
268
248
227
205
182
226
181
204
247
267
205
226
181
204
247
267
157
203
180
225
246
266
179
202
224
245
265
201
223
244
264
241
219
196
173
240
218
195
261
172
239
217
194
260
171
238
216
193
259
170
237
215
216
193
237
192
215
258
169
191
168
214
236
257
190
167
213
235
256
189
212
234
155
178
201
223
244
154
177
200
222
243
131
153
221
176
199
242
130
152
175
220
198
151
174
197
190
167
213
166
189
212
144
234
165
143
211
188
233
142
232
210
187
164
163
186
209
142
210
187
164
141
163
186
209
231
140
162
185
208
230
139
161
184
207
229
183
140
162
117
139
161
184
207
116
138
160
183
206
115
137
159
205
182
115
137
159
205
182
92
114
136
158
181
204
135
113
157
203
180
134
156
179
196
173
195
172
150
128
106
149
194
105
127
171
170
126
148
149
127
171
193
170
126
104
148
192
125
147
169
103
191
146
168
124
102
190
145
167
123
135
113
157
91
134
69
156
112
90
179
68
133
155
111
178
89
201
67
110
88
132
154
177
87
109
131
153
176
130
110
132
154
87
109
131
153
176
65
86
108
130
152
175
198
85
107
129
151
174
197
146
124
102
145
167
123
101
80
166
79
100
144
122
165
78
99
121
143
98
120
142
99
121
143
77
98
120
142
76
97
164
119
141
163
96
118
140
162
95
117
139
75
96
118
74
95
56
117
139
94
73
116
55
138
38
93
72
115
54
137
128
106
105
127
84
126
104
83
82
104
83
125
103
82
64
124
102
81
63
46
123
101
80
62
45
79
100
93
72
115
37
54
36
22
53
92
71
114
136
21
35
52
70
113
91
34
51
69
90
69
90
33
50
68
111
89
18
32
49
67
110
88
132
17
31
48
66
87
109
131
47
65
86
108
85
107
63
46
101
80
62
45
44
61
79
100
30
29
43
60
78
99
59
77
43
60
28
42
59
77
76
58
97
41
27
16
75
96
57
40
26
74
95
56
39
41
27
16
57
40
15
26
56
39
14
6
25
55
5
13
38
24
37
23
12
4
36
22
11
53
10
21
2
35
52
70
1
9
20
34
51
69
0
8
19
33
50
68
7
18
32
49
17
31
5
13
24
23
12
4
22
11
3
10
21
2
1
9
0
