1598661204434829927
1598661206221104242
1598661208570134272
1598661210126441053
1598661212051930009
1598661214357996137
1598661215917462191
1598661217931965102
1598661219800204540
1598661221758304627
1598661224151858952
1598661226084813980
1598661228076716372
1598661230022204571
1598661231900581620
1598661234221389457
1598661235807602719
1598661237789772817
1598661239694952480
1598661241995665118
1598661243148927951
1598661245458678286
1598661246888072002
1598661249326560145
1598661251298161751
1598661253185376395	29
1598661255254854864
1598661257065155637
1598661258985942431
1598661260990573007
1598661262897151741
1598661264814594925
1598661266746180073
1598661268752564622
1598661270659679222
1598661273179687888
1598661274583089151
1598661276533742963
1598661278758442464
1598661280967837570
1598661282578071353
1598661284390631625	45
1598661286464500063
1598661288419896812
1598661290461894053
1598661292381610024
1598661294832405752
1598661296286418441
1598661298279378448
1598661300660601417
1598661302406255053
1598661304375792966
1598661306333044318
1598661308253573672
1598661310709285840
1598661312212092402
1598661314235110060
1598661316252825226
1598661318131048755
1598661320081478222
1598661322026756355
1598661323934802382
1598661325902093082
1598661328059679966
1598661329800665500
1598661332025896900
1598661334022074036
1598661335838976224
1598661337781347914
1598661340079682683
1598661341474061603
1598661343172073858
1598661343720988678
